STATIONS_ID;MESS_DATUM;QN_3;  FX;  FM;QN_4; RSK;RSKF; SDK;SHK_TAG;  NM; VPM;  PM; TMK; UPM; TXK; TNK; TGK;eor
        430;20180215;   10;  12.7;   4.9;    3;   0.4;   8;    2.683;   0;   7.5;   4.7; 1015.05;   -0.3;   78.71;    2.8;   -3.2;   -3.2;eor
        430;20180216;   10;  12.3;   4.4;    3;   0.0;   0;    5.350;   0;   3.4;   5.8; 1017.44;    2.6;   79.63;    7.5;   -1.2;   -5.6;eor
        430;20180217;   10;   4.6;   1.7;    3;   0.0;   0;    0.000;   0;   6.9;   5.8; 1020.64;    2.3;   79.67;    4.9;   -1.5;   -5.9;eor
        430;20180218;   10;   5.7;   2.0;    3;   0.0;   0;    0.000;   0;   8.0;   4.9; 1023.90;    2.8;   66.71;    3.9;    1.2;   -0.2;eor
        430;20180219;   10;   5.7;   2.6;    3;   0.0;   0;    2.733;   0;   7.3;   4.5; 1017.56;    2.0;   64.54;    5.2;   -1.1;   -2.9;eor
        430;20180220;   10;   7.9;   3.0;    3;   0.0;   0;    8.500;   0;   3.3;   4.2; 1016.37;    0.5;   66.58;    3.8;   -1.7;   -4.3;eor
        430;20180221;   10;   6.9;   2.6;    3;   0.0;   0;    6.483;   0;   4.1;   4.1; 1021.10;    0.3;   66.54;    4.7;   -3.1;   -6.5;eor
        430;20180222;   10;   6.0;   2.3;    3;   0.0;   7;    4.583;   0;   5.8;   4.3; 1021.57;   -0.2;   72.29;    3.1;   -4.0;   -8.5;eor
        430;20180223;   10;   9.3;   3.0;    3;   0.0;   7;    9.100;   0;   2.8;   2.8; 1022.35;   -2.8;   56.79;    0.1;   -5.3;   -7.7;eor
        430;20180224;   10;  13.5;   3.7;    3;   0.0;   7;    8.383;   0;   3.5;   2.8; 1025.98;   -2.7;   56.38;    0.9;   -8.7;  -12.8;eor
        430;20180225;   10;   5.8;   2.2;    3;   0.0;   7;    7.533;   0;   3.1;   2.5; 1027.60;   -4.8;   59.25;   -0.9;   -9.5;  -13.8;eor
        430;20180226;   10;  10.6;   3.1;    3;   0.0;   7;    5.133;   0;   3.0;   2.5; 1024.33;   -5.6;   61.54;   -2.9;   -9.0;  -13.9;eor
        430;20180227;   10;  11.7;   2.6;    3;   0.0;   7;    4.450;   0;   4.1;   1.9; 1019.57;   -8.1;   58.96;   -3.2;  -14.6;  -18.8;eor
        430;20180228;   10;  11.5;   4.2;    3;   0.0;   7;    7.633;   0;   2.4;   1.8; 1023.09;   -8.7;   56.29;   -5.5;  -11.5;  -12.8;eor
        430;20180301;   10;  10.6;   4.7;    3;   0.0;   0;    9.533;   0;   0.9;   1.9; 1015.57;   -8.5;   58.75;   -4.9;  -11.6;  -12.7;eor
        430;20180302;   10;  10.5;   4.2;    3;   0.0;   0;    9.467;   0;   0.0;   1.8; 1003.75;   -8.0;   56.21;   -3.4;  -12.4;  -13.9;eor
        430;20180303;   10;  10.8;   4.0;    3;   0.0;   0;    9.550;   0;   0.4;   2.1; 1002.24;   -6.6;   56.75;   -2.1;  -11.3;  -13.0;eor
        430;20180304;   10;   9.8;   5.1;    3;   0.2;   6;    9.300;   0;   1.6;   2.4; 1000.20;   -2.3;   48.33;    3.9;   -8.4;  -10.0;eor
        430;20180305;   10;   6.7;   3.2;    3;   0.0;   6;    3.200;   0;   6.5;   4.6;  994.58;    2.7;   60.46;    9.7;   -2.8;   -4.7;eor
        430;20180306;   10;   6.7;   2.5;    3;   6.6;   8;    0.500;   0;   7.5;   5.2;  990.60;    1.5;   76.92;    5.8;   -1.8;   -4.7;eor
        430;20180307;   10;   8.2;   3.0;    3;   0.9;   8;    0.000;   2;   8.0;   6.2;  989.65;    1.1;   93.33;    2.0;    0.1;   -0.1;eor
        430;20180308;   10;  12.7;   4.0;    3;   5.8;   6;    3.200;   0;   7.0;   6.7;  996.35;    4.8;   79.75;    9.6;    0.9;    0.4;eor
        430;20180309;   10;  16.3;   5.5;    3;   0.0;   6;    2.050;   0;   5.5;   6.3; 1000.95;    4.7;   74.71;    9.5;   -0.2;   -5.5;eor
        430;20180310;   10;   5.7;   2.4;    3;   0.4;   6;    0.067;   0;   6.8;   8.1; 1000.63;    5.7;   86.79;    9.6;   -0.1;   -4.3;eor
        430;20180311;   10;   9.6;   2.9;    3;   0.0;   0;    8.267;   0;   5.8;   9.8;  995.16;   11.0;   75.58;   16.5;    5.4;    0.1;eor
        430;20180312;   10;  10.6;   2.6;    3;  15.0;   6;    0.000;   0;   7.8;   9.8;  987.51;    8.7;   86.88;    9.7;    6.8;    4.7;eor
        430;20180313;   10;  13.7;   5.3;    3;   3.2;   6;    0.000;   0;   7.4;   9.4;  994.25;    8.9;   83.38;   11.8;    4.0;    3.9;eor
        430;20180314;   10;   7.2;   3.2;    3;   0.3;   6;    0.000;   0;   7.9;   6.8; 1006.36;    3.8;   85.25;    5.8;    2.5;    2.2;eor
        430;20180315;   10;  12.5;   5.2;    3;   0.0;   0;    0.283;   0;   7.6;   6.0; 1005.41;    3.0;   79.04;    5.2;    1.5;    1.4;eor
        430;20180316;   10;  14.6;   6.4;    3;   0.0;   8;    0.000;   0;   8.0;   4.0; 1004.86;    0.0;   64.88;    1.5;   -2.6;   -2.8;eor
        430;20180317;   10;  15.9;   7.3;    3;   0.0;   0;    6.383;   0;   5.2;   2.2; 1010.68;   -3.1;   45.58;   -0.9;   -5.4;   -5.9;eor
        430;20180318;   10;  16.8;   7.1;    3;   0.0;   0;   10.817;   0;   2.5;   1.8; 1013.60;   -2.4;   36.63;    1.6;   -5.7;   -6.6;eor
        430;20180319;   10;   9.1;   3.0;    3;   0.0;   0;   10.883;   0;   0.6;   2.3; 1011.24;   -1.5;   43.83;    4.2;   -6.9;  -12.8;eor
        430;20180320;   10;  10.3;   2.5;    3;   1.4;   8;    0.550;   0;   4.6;   4.1; 1011.60;   -1.8;   75.63;    2.9;   -7.6;  -13.2;eor
        430;20180321;   10;  10.1;   3.3;    3;   0.0;   7;    8.617;   0;   4.1;   4.1; 1020.63;    0.7;   67.08;    7.0;   -7.3;  -12.3;eor
        430;20180322;   10;  11.3;   4.8;    3;   4.3;   8;    0.000;   0;   8.0;   6.4; 1007.90;    2.5;   87.00;    4.0;    0.1;   -0.1;eor
        430;20180323;   10;   6.7;   2.0;    3;   0.2;   6;    0.000;   0;   8.0;   6.4; 1003.15;    2.7;   86.25;    3.8;    1.5;    1.0;eor
        430;20180324;   10;   6.2;   2.5;    3;   0.0;   0;    1.350;   0;   5.3;   5.4; 1002.01;    3.5;   69.58;    7.0;   -0.6;   -5.9;eor
        430;20180325;   10;   5.8;   1.5;    3;   0.0;   0;    9.650;   0;   5.1;   5.4; 1003.70;    5.2;   64.17;   11.5;   -2.3;   -7.0;eor
        430;20180326;   10;   7.7;   2.3;    3;   0.0;   6;    1.967;   0;   7.4;   6.5; 1008.49;    5.2;   73.50;    9.1;    2.2;    1.3;eor
        430;20180327;   10;   7.2;   2.4;    3;   0.0;   7;    4.300;   0;   5.8;   5.2; 1010.37;    3.9;   65.50;    8.5;   -1.1;   -3.6;eor
        430;20180328;   10;  12.3;   5.2;    3;   6.6;   8;    0.000;   0;   7.9;   5.9; 1001.60;    1.7;   85.21;    2.4;    0.8;    0.4;eor
        430;20180329;   10;  17.0;   6.2;    3;   0.0;   6;    0.233;   0;   7.2;   6.7;  997.92;    4.9;   77.50;    7.9;    2.4;   -0.4;eor
        430;20180330;   10;   9.8;   3.0;    3;   0.0;   0;    9.483;   0;   6.4;   5.7; 1003.50;    5.4;   65.25;   11.2;    0.6;   -2.4;eor
        430;20180331;   10;   9.8;   3.4;    3;   4.0;   8;    0.000;   0;   7.5;   6.6;  995.28;    3.2;   84.83;    5.3;    1.3;    0.4;eor
        430;20180401;   10;  12.3;   5.7;    3;   3.3;   8;    0.000;   0;   7.7;   6.2;  998.18;    1.3;   92.08;    2.2;    0.7;   -0.5;eor
        430;20180402;   10;  11.3;   4.2;    3;   1.0;   6;    6.667;   0;   5.5;   5.6; 1005.26;    4.8;   66.96;    9.6;   -1.0;   -2.7;eor
        430;20180403;   10;  10.8;   4.1;    3;   0.0;   6;    5.383;   0;   7.4;   9.2;  999.54;   12.7;   63.08;   19.1;    5.8;    4.6;eor
        430;20180404;   10;  22.6;   3.4;    3;   2.0;   6;   10.333;   0;   6.4;   9.4;  998.82;   15.4;   56.25;   21.2;    9.7;    6.9;eor
        430;20180405;   10;  15.9;   6.6;    3;   0.0;   6;    4.483;   0;   5.5;   8.6; 1003.55;   10.3;   68.63;   16.6;    3.2;    0.7;eor
        430;20180406;   10;   9.4;   3.2;    3;   0.0;   0;   12.050;   0;   1.5;   5.3; 1019.17;    7.2;   55.50;   12.9;    0.2;   -3.3;eor
        430;20180407;   10;  11.8;   5.5;    3;   0.0;   0;   12.183;   0;   2.6;   5.7; 1013.68;   13.3;   38.96;   20.8;    5.4;    2.5;eor
        430;20180408;   10;  13.2;   4.7;    3;   0.0;   0;   12.050;   0;   0.0;   8.6; 1007.10;   14.9;   52.46;   20.8;    8.0;    2.3;eor
        430;20180409;   10;   7.4;   1.8;    3;   0.0;   0;   10.633;   0;   2.7;   9.1; 1002.53;   14.9;   56.79;   22.3;    3.3;   -0.7;eor
        430;20180410;   10;  11.5;   4.2;    3;   0.0;   6;   11.033;   0;   2.2;  10.5; 1001.66;   17.1;   55.79;   24.5;   10.5;    5.3;eor
        430;20180411;   10;  11.8;   4.4;    3;   0.0;   6;    9.883;   0;   2.9;  11.1; 1005.61;   13.9;   70.42;   18.8;   10.4;    9.4;eor
        430;20180412;   10;  13.4;   5.5;    3;   0.0;   0;    6.750;   0;   4.6;  11.6; 1001.88;   16.6;   62.92;   23.6;   10.5;    9.3;eor
        430;20180413;   10;  12.9;   4.9;    3;  19.7;   6;    1.550;   0;   7.2;  13.6; 1002.40;   16.2;   73.96;   20.4;   11.2;   10.5;eor
        430;20180414;   10;  13.2;   4.5;    3;   1.3;   6;    3.167;   0;   5.7;  11.7; 1011.74;   13.1;   78.75;   17.7;    9.5;    7.0;eor
        430;20180415;   10;   7.7;   2.2;    3;   0.0;   6;    7.067;   0;   5.8;  10.5; 1009.50;   15.1;   65.00;   22.3;    8.4;    6.2;eor
        430;20180416;   10;   5.3;   1.9;    3;   1.0;   6;    0.000;   0;   7.9;  11.6; 1009.30;   11.8;   83.25;   14.9;    9.8;    7.2;eor
        430;20180417;   10;  10.1;   2.2;    3;   0.0;   0;    9.850;   0;   2.3;  10.0; 1021.09;   13.1;   69.25;   18.7;    5.5;    1.9;eor
        430;20180418;   10;  10.8;   1.6;    3;   0.0;   0;   12.433;   0;   1.4;  10.7; 1027.00;   16.4;   61.00;   23.8;    7.5;    1.7;eor
        430;20180419;   10;   6.5;   1.4;    3;   0.0;   0;   12.550;   0;   2.3;  12.4; 1026.38;   17.9;   62.83;   24.9;    8.6;    3.6;eor
        430;20180420;   10;   9.1;   3.1;    3;   0.0;   0;   12.700;   0;   1.9;  12.5; 1018.81;   20.3;   56.13;   27.5;   12.6;    5.9;eor
        430;20180421;   10;   9.3;   2.7;    3;   0.0;   0;   12.300;   0;   2.0;  10.0; 1014.95;   16.7;   55.04;   22.2;   10.9;    4.6;eor
        430;20180422;   10;  10.8;   2.3;    3;   0.0;   6;   12.333;   0;   4.7;   9.9; 1010.96;   17.3;   52.04;   23.7;    7.6;    1.0;eor
        430;20180423;   10;  14.9;   4.3;    3;   0.0;   6;    6.833;   0;   5.8;  12.2; 1007.17;   17.3;   62.17;   22.2;   11.5;    6.1;eor
        430;20180424;   10;  13.7;   4.6;    3;   0.6;   6;    2.633;   0;   7.0;  10.0; 1009.45;   12.7;   68.75;   16.5;    7.7;    2.8;eor
        430;20180425;   10;  21.9;   5.7;    3;   2.1;   6;    4.500;   0;   5.3;  10.5; 1003.41;   12.6;   71.88;   19.1;    6.5;    2.5;eor
        430;20180426;   10;  20.7;   4.8;    3;   4.6;   8;    3.933;   0;   4.7;   8.8; 1008.71;    8.8;   78.17;   13.4;    4.7;    0.2;eor
        430;20180427;   10;   8.6;   2.6;    3;   0.0;   0;    9.533;   0;   5.2;   7.8; 1010.19;   11.4;   60.83;   16.3;    4.1;   -1.3;eor
        430;20180428;   10;  10.8;   2.6;    3;   0.0;   6;   11.967;   0;   5.0;   8.7; 1006.19;   15.5;   52.25;   22.7;    5.6;    0.3;eor
        430;20180429;   10;   8.2;   2.3;    3;   0.0;   0;   10.517;   0;   3.3;  11.0; 1005.22;   18.0;   55.54;   24.0;    9.8;    5.7;eor
        430;20180430;   10;  15.9;   5.4;    3;   0.0;   6;    9.617;   0;   2.3;  11.1;  997.17;   17.1;   57.08;   24.5;   11.0;    3.1;eor
        430;20180501;   10;  16.6;   6.3;    3;   0.0;   0;   10.550;   0;   2.8;   7.2; 1005.37;   12.6;   50.04;   16.8;    5.4;   -1.7;eor
        430;20180502;   10;   7.7;   2.4;    3;   0.0;   6;    1.700;   0;   6.0;   7.5; 1010.45;   11.1;   58.38;   14.9;    2.9;   -3.8;eor
        430;20180503;   10;   9.9;   2.9;    3;   0.0;   0;    8.267;   0;   3.7;   8.5; 1010.73;   13.9;   54.17;   20.4;    6.0;   -0.3;eor
        430;20180504;   10;   8.1;   2.3;    3;   0.0;   0;   13.800;   0;   1.3;   6.3; 1019.45;   12.3;   47.83;   19.2;    3.0;   -3.0;eor
        430;20180505;   10;   8.6;   2.9;    3;   0.0;   0;   13.783;   0;   1.5;   7.2; 1023.07;   13.6;   49.04;   19.8;    5.6;   -0.2;eor
        430;20180506;   10;   9.1;   2.7;    3;   0.0;   0;   13.917;   0;   0.3;   9.2; 1022.33;   16.0;   52.58;   21.9;    7.8;    2.8;eor
        430;20180507;   10;   9.9;   2.9;    3;   0.0;   0;   13.950;   0;   0.3;  10.4; 1018.25;   18.3;   52.13;   24.9;    8.0;    1.7;eor
        430;20180508;   10;  12.2;   3.3;    3;   0.0;   0;   13.967;   0;   0.0;  10.2; 1011.37;   19.7;   47.38;   25.9;   12.1;    7.3;eor
        430;20180509;   10;  16.3;   3.7;    3;   0.6;   6;   11.667;   0;   1.8;  12.4; 1005.74;   20.8;   52.58;   27.2;   14.2;   12.3;eor
        430;20180510;   10;  10.8;   4.0;    3;   0.9;   6;    6.817;   0;   6.1;  14.2; 1004.74;   20.6;   61.42;   27.7;   14.5;   14.2;eor
        430;20180511;   10;   9.3;   2.9;    3;   0.0;   0;    0.317;   0;   6.4;  13.2; 1014.70;   13.9;   83.29;   16.4;   10.4;    5.8;eor
        430;20180512;   10;   8.2;   2.4;    3;   0.0;   0;    8.133;   0;   2.8;  13.4; 1013.41;   17.1;   71.04;   23.2;    8.0;    3.2;eor
        430;20180513;   10;  12.9;   4.3;    3;   0.0;   0;   14.083;   0;   0.6;  11.2; 1008.88;   20.7;   50.29;   26.8;   13.6;   11.9;eor
        430;20180514;   10;  15.4;   4.3;    3;   0.0;   0;   14.267;   0;   0.8;   9.1; 1010.14;   19.6;   41.83;   24.3;   13.2;    7.5;eor
        430;20180515;   10;  15.1;   2.9;    3;  25.8;   6;    6.500;   0;   4.8;  11.0; 1010.17;   15.6;   65.29;   23.6;   10.9;    4.6;eor
        430;20180516;   10;   9.6;   2.7;    3;   0.0;   6;    7.533;   0;   6.6;  13.1; 1007.84;   16.8;   71.08;   22.8;   11.6;   11.3;eor
        430;20180517;   10;  10.8;   4.5;    3;   0.0;   0;   12.333;   0;   6.3;  12.5; 1009.05;   16.4;   67.83;   22.2;   10.7;    9.1;eor
        430;20180518;   10;   8.2;   3.6;    3;   0.0;   6;    0.000;   0;   6.2;  11.1; 1014.78;   12.1;   78.67;   14.3;    8.9;    6.8;eor
        430;20180519;   10;  11.3;   3.1;    3;   0.0;   0;   12.583;   0;   5.3;   9.2; 1017.82;   16.3;   52.88;   21.6;   11.6;   10.2;eor
        430;20180520;   10;  10.3;   3.5;    3;   0.0;   0;   14.583;   0;   0.9;   7.3; 1020.68;   16.0;   42.54;   21.8;    7.9;    6.7;eor
        430;20180521;   10;  13.7;   4.1;    3;   0.0;   0;   14.033;   0;   1.5;   8.7; 1016.59;   17.8;   44.50;   23.8;    9.6;    6.1;eor
        430;20180522;   10;   9.9;   3.2;    3;   0.0;   0;   14.317;   0;   1.8;   8.9; 1011.70;   19.2;   42.25;   24.7;   12.0;   10.2;eor
        430;20180523;   10;   9.8;   3.5;    3;   0.0;   0;   13.333;   0;   4.5;  10.3; 1016.83;   19.5;   47.67;   25.1;   12.9;    9.2;eor
        430;20180524;   10;  13.7;   4.7;    3;   0.0;   0;   14.117;   0;   3.5;  11.1; 1018.53;   20.1;   48.79;   25.6;   14.6;   13.4;eor
        430;20180525;   10;  10.3;   3.8;    3;   0.0;   0;   14.017;   0;   2.2;  11.0; 1016.91;   21.0;   45.42;   26.9;   15.5;   13.3;eor
        430;20180526;   10;   8.4;   2.4;    3;   0.0;   6;   10.650;   0;   2.5;  12.9; 1017.72;   20.2;   55.58;   26.9;   13.7;    9.0;eor
        430;20180527;   10;  10.8;   2.8;    3;   0.3;   6;   10.233;   0;   4.0;  14.6; 1016.63;   20.4;   63.79;   27.8;   13.9;   12.9;eor
        430;20180528;   10;  10.3;   3.8;    3;   0.0;   0;   13.767;   0;   3.9;  15.1; 1015.39;   25.1;   50.71;   31.8;   16.5;   15.0;eor
        430;20180529;   10;  11.7;   4.6;    3;   0.0;   0;   14.817;   0;   1.0;  11.7; 1011.77;   26.0;   36.67;   31.7;   20.4;   18.6;eor
        430;20180530;   10;  10.5;   3.3;    3;   2.6;   6;   11.167;   0;   3.0;  14.9; 1010.41;   24.6;   49.25;   31.8;   19.3;   16.5;eor
        430;20180531;   10;   9.3;   2.9;    3;   0.0;   0;   13.083;   0;   3.0;  14.9; 1010.66;   25.5;   48.21;   31.1;   17.6;   15.1;eor
        430;20180601;   10;  12.9;   3.2;    3;  16.5;   6;   10.300;   0;   5.0;  17.4; 1009.93;   24.1;   60.54;   31.6;   18.4;   17.5;eor
        430;20180602;   10;   9.8;   3.6;    3;   0.0;   0;    1.717;   0;   7.2;  19.9; 1010.85;   21.2;   79.21;   24.9;   18.5;   17.9;eor
        430;20180603;   10;   7.7;   3.1;    3;   0.0;   6;    2.917;   0;   5.9;  18.2; 1012.52;   19.9;   78.71;   24.2;   16.8;   13.2;eor
        430;20180604;   10;   8.2;   2.7;    3;   0.0;   0;   12.083;   0;   1.5;  17.0; 1007.86;   20.9;   70.38;   25.5;   15.4;   11.8;eor
        430;20180605;   10;   8.6;   2.9;    3;   0.0;   0;    4.567;   0;   4.8;  13.8; 1008.70;   18.2;   66.92;   23.8;   13.6;   10.7;eor
        430;20180606;   10;  12.5;   5.3;    3;   0.0;   0;   15.117;   0;   0.8;   7.8; 1013.55;   18.4;   39.04;   24.1;   12.5;    9.4;eor
        430;20180607;   10;   9.8;   4.8;    3;   0.0;   0;   15.067;   0;   0.9;   8.4; 1012.83;   21.2;   33.96;   28.1;   13.5;   12.2;eor
        430;20180608;   10;   8.2;   2.8;    3;   0.0;   0;   14.750;   0;   3.3;   9.9; 1009.37;   24.4;   34.29;   30.9;   16.3;   13.0;eor
        430;20180609;   10;   9.3;   2.7;    3;   0.0;   0;   14.033;   0;   4.5;  12.8; 1007.82;   25.6;   41.54;   31.6;   18.0;   15.5;eor
        430;20180610;   10;  12.2;   2.3;    3;   7.1;   6;    6.350;   0;   5.3;  19.2; 1005.36;   22.6;   72.00;   30.2;   17.8;   14.8;eor
        430;20180611;   10;  11.8;   3.2;    3;   0.0;   0;    8.117;   0;   4.4;  14.5; 1006.15;   19.8;   64.38;   24.5;   16.1;   12.2;eor
        430;20180612;   10;   8.7;   3.3;    3;   0.0;   0;    6.133;   0;   5.8;  11.1; 1005.76;   16.6;   59.46;   20.8;   13.3;   12.3;eor
        430;20180613;   10;   9.8;   3.4;    3;   0.0;   6;    0.450;   0;   7.4;  11.7; 1007.70;   15.3;   67.13;   16.8;   13.9;   13.6;eor
        430;20180614;   10;   8.2;   2.4;    3;   0.0;   0;   11.067;   0;   5.3;  10.1; 1010.66;   17.4;   52.25;   23.1;   12.6;    9.2;eor
        430;20180615;   10;   7.2;   2.2;    3;   0.0;   0;    2.017;   0;   6.8;  13.7; 1012.20;   19.2;   61.88;   24.5;   15.4;   12.7;eor
        430;20180616;   10;   8.1;   2.1;    3;   0.0;   0;    2.733;   0;   6.9;  13.6; 1011.39;   22.3;   52.08;   27.0;   17.1;   15.3;eor
        430;20180617;   10;  11.1;   3.5;    3;   0.0;   0;   11.167;   0;   5.0;  12.7; 1010.75;   21.3;   50.50;   26.4;   15.0;    8.9;eor
        430;20180618;   10;   9.6;   3.2;    3;   0.2;   6;    3.800;   0;   5.8;  12.2; 1014.90;   19.3;   55.75;   24.9;   11.8;    7.4;eor
        430;20180619;   10;   9.8;   3.8;    3;   0.0;   0;    4.500;   0;   5.2;  15.1; 1016.54;   20.6;   63.38;   25.5;   16.3;   13.5;eor
        430;20180620;   10;   9.8;   2.3;    3;   0.0;   0;    4.667;   0;   4.5;  15.4; 1015.81;   22.0;   59.42;   28.2;   15.7;   11.5;eor
        430;20180621;   10;  17.8;   5.1;    3;   1.8;   6;    7.267;   0;   3.8;  12.9; 1008.33;   17.0;   66.08;   27.8;   10.0;    8.1;eor
        430;20180622;   10;  14.7;   5.9;    3;   0.3;   6;    4.233;   0;   5.8;   9.7; 1012.58;   13.9;   62.29;   19.5;    9.5;    7.6;eor
        430;20180623;   10;  13.9;   6.1;    3;   6.2;   6;    0.917;   0;   7.3;  11.8; 1014.53;   13.6;   76.13;   19.0;   11.0;   11.0;eor
        430;20180624;   10;  10.3;   4.5;    3;   1.1;   6;    0.000;   0;   7.8;  13.6; 1014.13;   13.1;   90.42;   16.0;   11.6;   11.6;eor
        430;20180625;   10;   8.2;   3.4;    3;   0.0;   0;    1.633;   0;   6.2;  13.7; 1015.98;   15.7;   78.42;   21.6;   11.5;   10.3;eor
        430;20180626;   10;   8.2;   3.0;    3;   0.0;   6;    4.550;   0;   4.8;  13.4; 1018.55;   16.6;   72.96;   24.2;    9.9;    7.8;eor
        430;20180627;   10;   9.6;   3.4;    3;   0.0;   0;   10.867;   0;   3.3;  12.8; 1020.35;   19.6;   58.71;   24.9;   13.0;   11.7;eor
        430;20180628;   10;  11.7;   3.9;    3;   0.0;   0;   10.833;   0;   4.6;  13.9; 1016.78;   21.9;   55.00;   27.9;   14.8;   13.3;eor
        430;20180629;   10;  13.0;   3.8;    3;   0.0;   0;   13.667;   0;   2.7;  12.7; 1011.89;   21.7;   51.21;   30.4;   14.2;   11.1;eor
        430;20180630;   10;   9.8;   3.6;    3;   0.0;   0;   10.483;   0;   2.3;   9.0; 1015.65;   17.1;   47.88;   22.3;   11.7;    9.6;eor
        430;20180701;   10;  10.1;   3.5;    3;   0.0;   0;   11.767;   0;   1.6;   8.8; 1016.67;   16.8;   47.96;   22.6;   10.7;    7.7;eor
        430;20180702;   10;   7.2;   2.2;    3;   0.0;   0;   11.533;   0;   1.8;   9.2; 1013.80;   17.6;   49.21;   24.7;    9.3;    3.7;eor
        430;20180703;   10;  10.1;   2.8;    3;   0.0;   0;   15.150;   0;   0.8;   9.4; 1011.50;   20.7;   42.38;   27.7;   10.0;    4.1;eor
        430;20180704;   10;   9.3;   1.9;    3;   0.0;   0;   15.133;   0;   0.6;  10.1; 1009.15;   23.8;   38.13;   31.0;   12.1;    6.7;eor
        430;20180705;   10;   8.7;   2.6;    3;   0.0;   0;   12.617;   0;   2.8;  13.3; 1006.43;   24.0;   46.54;   31.0;   16.3;   11.3;eor
        430;20180706;   10;   9.4;   4.5;    3;   0.0;   0;    3.217;   0;   4.9;  12.5; 1011.34;   18.7;   58.92;   23.8;   14.6;   12.2;eor
        430;20180707;   10;  11.8;   4.6;    3;   0.0;   0;   13.967;   0;   2.0;  10.9; 1014.69;   18.8;   53.42;   26.4;   11.4;    9.2;eor
        430;20180708;   10;  10.1;   3.5;    3;   0.0;   0;    6.750;   0;   4.5;  14.0; 1015.44;   20.0;   61.04;   27.2;   14.6;   12.3;eor
        430;20180709;   10;  11.1;   3.9;    3;   0.0;   0;    8.650;   0;   5.7;  12.7; 1013.74;   19.1;   58.08;   23.4;   15.3;   13.5;eor
        430;20180710;   10;   7.0;   2.2;    3;   9.9;   6;    2.183;   0;   6.8;  11.8; 1011.46;   16.8;   61.88;   20.3;   13.4;   11.1;eor
        430;20180711;   10;   6.2;   1.8;    3;  25.5;   6;    5.100;   0;   6.6;  14.3; 1009.72;   17.5;   73.38;   24.1;   13.9;   13.5;eor
        430;20180712;   10;  13.5;   3.3;    3;  16.9;   6;    0.000;   0;   7.8;  16.7; 1008.71;   17.3;   85.38;   20.1;   14.4;   14.4;eor
        430;20180713;   10;  12.9;   3.2;    3;   2.2;   6;    5.883;   0;   4.8;  16.3; 1012.50;   19.3;   74.42;   27.8;   13.2;   11.4;eor
        430;20180714;   10;   8.6;   3.3;    3;   0.0;   0;   12.050;   0;   2.4;  14.6; 1014.30;   18.4;   70.42;   23.2;   14.0;   10.3;eor
        430;20180715;   10;   7.4;   2.0;    3;   0.0;   0;   12.550;   0;   1.8;  13.1; 1012.87;   19.2;   61.29;   25.2;   11.2;    7.7;eor
        430;20180716;   10;  10.1;   1.9;    3;   0.0;   0;   14.383;   0;   2.3;  14.6; 1009.55;   22.1;   58.13;   28.5;   13.8;    9.0;eor
        430;20180717;   10;   9.4;   2.8;    3;   0.0;   0;   10.050;   0;   6.7;  15.7; 1007.37;   23.0;   57.71;   29.4;   16.3;   13.9;eor
        430;20180718;   10;  10.3;   4.1;    3;   0.0;   0;   10.850;   0;   6.7;  15.6; 1009.69;   22.4;   58.96;   26.9;   18.4;   16.1;eor
        430;20180719;   10;   8.4;   3.0;    3;   0.0;   6;    6.733;   0;   3.9;  14.4; 1011.96;   20.4;   61.29;   26.2;   13.6;    9.9;eor
        430;20180720;   10;   8.7;   2.0;    3;   0.0;   0;   11.483;   0;   2.9;  12.2; 1010.35;   20.6;   53.58;   27.1;   11.4;    8.0;eor
        430;20180721;   10;   6.7;   2.0;    3;   0.0;   0;   11.450;   0;   6.3;  12.3; 1008.17;   21.8;   49.00;   27.4;   12.5;    8.4;eor
        430;20180722;   10;   5.3;   1.3;    3;   0.0;   6;    2.183;   0;   6.3;  14.3; 1008.71;   22.6;   53.50;   27.9;   16.5;   12.5;eor
        430;20180723;   10;   9.1;   3.0;    3;   0.0;   0;   13.933;   0;   1.3;  15.4; 1011.30;   22.2;   59.75;   27.1;   16.3;   13.7;eor
        430;20180724;   10;   6.5;   1.5;    3;   0.0;   0;   12.567;   0;   1.3;  16.3; 1011.26;   24.2;   56.08;   30.2;   14.8;   11.2;eor
        430;20180725;   10;   6.2;   1.8;    3;   0.0;   0;   12.250;   0;   1.7;  16.9; 1010.96;   26.5;   51.13;   32.2;   18.9;   15.5;eor
        430;20180726;   10;   9.4;   2.9;    3;   0.0;   0;   14.283;   0;   1.2;  16.5; 1012.43;   26.1;   51.25;   32.1;   16.6;   12.9;eor
        430;20180727;   10;   9.8;   3.0;    3;   0.0;   0;   10.800;   0;   2.3;  18.7; 1010.62;   25.9;   57.92;   31.8;   19.4;   18.1;eor
        430;20180728;   10;  14.2;   3.4;    3;   7.5;   6;   11.783;   0;   3.7;  19.4; 1005.53;   25.3;   63.25;   32.5;   20.0;   18.9;eor
        430;20180729;   10;  11.3;   2.7;    3;   0.0;   0;   10.717;   0;   5.0;  17.3; 1011.13;   23.4;   62.96;   29.0;   17.4;   16.7;eor
        430;20180730;   10;   9.4;   3.5;    3;   0.0;   0;   10.617;   0;   3.1;  16.2; 1012.29;   26.9;   47.50;   32.7;   22.1;   19.8;eor
        430;20180731;   10;   8.2;   2.9;    3;   0.0;   0;   13.200;   0;   1.6;  15.3; 1011.93;   29.0;   40.04;   35.4;   21.2;   18.8;eor
        430;20180801;   10;   8.4;   3.2;    3;   0.2;   6;    7.833;   0;   5.6;  19.2; 1014.55;   27.0;   54.00;   30.5;   23.8;   21.0;eor
        430;20180802;   10;   8.2;   3.1;    3;   0.0;   0;    8.400;   0;   4.5;  17.4; 1017.69;   26.0;   52.67;   31.7;   21.0;   18.8;eor
        430;20180803;   10;   7.2;   2.1;    3;   0.0;   0;   12.767;   0;   1.7;  14.5; 1016.98;   26.9;   42.54;   32.7;   21.2;   19.2;eor
        430;20180804;   10;   7.2;   2.5;    3;   0.0;   0;   13.133;   0;   3.0;  16.5; 1012.61;   27.6;   45.83;   33.5;   21.8;   19.0;eor
        430;20180805;   10;  10.8;   3.4;    3;   0.0;   0;   10.000;   0;   3.5;  14.7; 1014.99;   21.6;   57.88;   25.1;   15.1;   12.4;eor
        430;20180806;   10;   8.2;   2.2;    3;   0.0;   0;   13.883;   0;   0.6;  13.2; 1013.92;   22.1;   52.25;   29.2;   13.6;    9.3;eor
        430;20180807;   10;   8.9;   3.0;    3;   0.0;   0;   13.533;   0;   2.5;  12.4; 1008.20;   27.6;   35.96;   35.5;   18.2;   11.7;eor
        430;20180808;   10;  12.9;   3.4;    3;   1.3;   6;    9.967;   0;   4.0;  15.5; 1006.10;   28.9;   40.79;   37.7;   21.0;   17.9;eor
        430;20180809;   10;  18.5;   3.5;    3;   1.1;   6;   12.250;   0;   2.2;  19.5; 1008.70;   26.5;   59.79;   34.4;   19.7;   17.6;eor
        430;20180810;   10;  13.4;   4.7;    3;   0.0;   0;    5.750;   0;   4.0;  13.6; 1015.00;   20.5;   56.75;   23.8;   15.9;   10.5;eor
        430;20180811;   10;  17.5;   5.5;    3;   0.0;   6;    6.583;   0;   4.1;  10.4; 1015.39;   19.2;   47.46;   23.7;   12.9;    8.8;eor
        430;20180812;   10;  13.4;   2.9;    3;   0.0;   0;   12.950;   0;   5.5;  10.1; 1012.21;   20.0;   47.17;   27.2;   11.1;    5.1;eor
        430;20180813;   10;  11.5;   2.6;    3;   0.0;   6;    8.700;   0;   5.6;  12.1; 1003.67;   22.8;   46.71;   32.5;   14.1;    8.6;eor
        430;20180814;   10;  13.5;   5.6;    3;   0.0;   0;    5.800;   0;   5.5;  16.1; 1006.01;   20.2;   68.46;   24.4;   16.2;   14.6;eor
        430;20180815;   10;  10.6;   3.6;    3;   0.0;   0;    4.433;   0;   5.0;  15.2; 1013.40;   19.8;   66.67;   25.3;   15.4;   11.3;eor
        430;20180816;   10;   9.1;   2.5;    3;   0.0;   0;   13.217;   0;   1.0;  14.0; 1012.77;   22.9;   53.63;   29.7;   13.9;    9.4;eor
        430;20180817;   10;  10.1;   3.1;    3;   0.6;   6;   11.817;   0;   3.5;  14.2; 1010.53;   24.6;   47.25;   32.6;   17.5;   15.3;eor
        430;20180818;   10;   7.7;   2.1;    3;   0.0;   0;    8.717;   0;   5.5;  14.4; 1016.24;   21.1;   59.29;   26.4;   16.1;   11.4;eor
        430;20180819;   10;   8.9;   1.6;    3;   0.0;   0;   12.183;   0;   3.1;  13.1; 1014.64;   22.3;   52.58;   30.0;   13.4;    9.0;eor
        430;20180820;   10;  10.3;   4.1;    3;   0.0;   6;    0.867;   0;   5.5;  16.1; 1012.43;   20.8;   65.13;   24.7;   16.1;   12.8;eor
        430;20180821;   10;   8.4;   2.8;    3;   0.0;   0;   12.467;   0;   2.5;  12.3; 1016.78;   19.4;   55.79;   23.8;   14.8;   10.5;eor
        430;20180822;   10;   7.0;   1.8;    3;   0.0;   0;   12.933;   0;   0.7;  11.7; 1014.47;   21.2;   49.42;   28.6;   13.4;    9.2;eor
        430;20180823;   10;   9.9;   2.5;    3;   0.0;   6;   11.183;   0;   3.0;  14.2; 1006.71;   25.3;   47.42;   34.3;   15.3;   10.4;eor
        430;20180824;   10;  12.3;   4.0;    3;   0.0;   6;    3.467;   0;   6.6;  14.1; 1004.27;   20.0;   59.92;   23.5;   15.7;   13.4;eor
        430;20180825;   10;  14.9;   3.4;    3;   0.2;   6;    3.300;   0;   5.2;  10.5; 1005.28;   16.1;   58.54;   22.0;    9.8;    6.0;eor
        430;20180826;   10;  11.5;   3.6;    3;   0.0;   0;   10.083;   0;   3.2;   9.2; 1010.64;   14.7;   58.13;   20.9;    8.6;    5.9;eor
        430;20180827;   10;  15.3;   5.0;    3;   0.2;   6;    0.917;   0;   6.6;  10.6; 1008.52;   17.9;   51.38;   21.9;   13.2;   11.6;eor
        430;20180828;   10;   8.7;   2.6;    3;   0.0;   0;    5.050;   0;   4.2;  12.9; 1014.76;   17.6;   65.83;   22.2;   12.3;    7.0;eor
        430;20180829;   10;  15.8;   3.3;    3;   0.0;   6;   12.083;   0;   1.8;  11.5; 1011.46;   20.6;   51.13;   27.4;   12.3;    6.5;eor
        430;20180830;   10;  11.7;   4.1;    3;   3.2;   6;    0.000;   0;   7.0;  15.0; 1009.44;   17.2;   76.54;   19.1;   14.5;   12.9;eor
        430;20180831;   10;   8.4;   3.6;    3;   0.0;   0;    5.217;   0;   5.3;  11.9; 1015.85;   15.3;   69.75;   20.8;   10.8;    8.5;eor
        430;20180901;   10;   7.4;   2.0;    3;   0.0;   0;    6.950;   0;   5.3;  11.9; 1020.22;   16.8;   64.33;   22.7;    8.2;    4.6;eor
        430;20180902;   10;   9.9;   3.1;    3;   0.2;   6;    0.333;   0;   5.6;  15.2; 1020.06;   18.6;   71.96;   23.4;   13.4;   12.4;eor
        430;20180903;   10;  10.6;   3.9;    3;   0.0;   0;   10.083;   0;   3.7;  15.8; 1013.92;   23.3;   56.83;   29.3;   18.5;   16.7;eor
        430;20180904;   10;   7.2;   2.5;    3;   0.0;   0;   10.167;   0;   3.6;  14.8; 1012.23;   20.2;   64.42;   25.8;   15.4;   12.9;eor
        430;20180905;   10;   9.1;   2.5;    3;   0.0;   0;    5.067;   0;   3.9;  15.2; 1013.76;   19.7;   68.71;   25.5;   14.0;   11.1;eor
        430;20180906;   10;   9.6;   3.0;    3;   0.5;   6;    8.983;   0;   3.8;  14.5; 1009.34;   19.9;   64.42;   25.5;   15.6;   12.3;eor
        430;20180907;   10;  11.1;   2.6;    3;   0.2;   6;    2.083;   0;   6.3;  14.7; 1007.58;   18.4;   70.25;   23.4;   12.0;    9.0;eor
        430;20180908;   10;  12.5;   3.0;    3;   0.0;   0;    9.233;   0;   4.0;  10.2; 1015.21;   16.5;   56.54;   21.9;   10.0;    4.7;eor
        430;20180909;   10;   7.7;   1.6;    3;   0.0;   0;    9.100;   0;   3.8;  10.0; 1016.55;   19.0;   48.00;   25.9;   13.1;    8.3;eor
        430;20180910;   10;   8.7;   2.4;    3;   0.0;   6;    2.533;   0;   6.3;  11.8; 1016.12;   19.6;   54.13;   26.8;   11.9;    7.7;eor
        430;20180911;   10;  11.8;   4.4;    3;   0.0;   6;    8.083;   0;   6.7;  12.5; 1015.23;   21.5;   50.58;   26.9;   16.0;   14.4;eor
        430;20180912;   10;  14.6;   4.1;    3;   0.1;   6;    5.483;   0;   4.8;  14.2; 1014.63;   20.5;   59.83;   27.9;   15.3;   13.6;eor
        430;20180913;   10;   5.7;   2.1;    3;   1.2;   6;    0.000;   0;   7.9;  13.1; 1016.76;   14.3;   79.92;   16.2;   12.9;   12.2;eor
        430;20180914;   10;   4.6;   1.5;    3;   0.0;   6;    1.200;   0;   6.1;  12.7; 1015.70;   16.0;   71.42;   20.4;   12.8;   10.2;eor
        430;20180915;   10;  10.6;   3.7;    3;   0.6;   6;    4.867;   0;   5.9;  11.7; 1016.83;   15.6;   67.92;   20.8;    9.2;    4.1;eor
        430;20180916;   10;   6.7;   1.8;    3;   0.0;   0;    8.800;   0;   6.4;  11.5; 1019.07;   16.1;   66.13;   22.5;    8.8;    4.2;eor
        430;20180917;   10;  10.6;   1.6;    3;   0.0;   0;   10.167;   0;   5.2;  10.4; 1015.02;   18.7;   53.13;   27.3;    9.9;    3.4;eor
        430;20180918;   10;  10.5;   2.6;    3;   0.0;   0;   11.183;   0;   3.3;  11.6; 1010.78;   21.8;   48.00;   30.7;   12.6;    7.7;eor
        430;20180919;   10;   8.2;   2.6;    3;   0.0;   0;   10.467;   0;   2.4;  13.9; 1012.62;   22.3;   53.33;   29.1;   13.7;    9.2;eor
        430;20180920;   10;  10.8;   2.3;    3;   0.0;   0;    9.500;   0;   4.8;  14.0; 1011.78;   21.8;   55.92;   29.2;   15.6;   10.6;eor
        430;20180921;   10;  24.2;   5.6;    3;   2.4;   6;    5.300;   0;   4.8;  13.8; 1004.12;   19.3;   65.46;   30.7;   10.5;    7.9;eor
        430;20180922;   10;  14.9;   6.7;    3;   0.2;   6;    2.567;   0;   6.2;   9.8; 1011.74;   13.3;   65.29;   18.0;   10.3;    8.8;eor
        430;20180923;   10;  11.0;   3.2;    3;  14.8;   6;    0.383;   0;   7.6;  10.5; 1007.79;   10.3;   84.71;   14.4;    8.1;    5.8;eor
        430;20180924;   10;  15.6;   5.7;    3;   0.6;   6;    5.117;   0;   3.2;   8.4; 1018.81;    9.4;   72.00;   13.5;    6.2;    3.9;eor
        430;20180925;   10;  10.6;   3.3;    3;   0.0;   0;    9.200;   0;   1.8;   7.3; 1031.41;    8.6;   67.46;   14.7;    3.6;   -0.7;eor
        430;20180926;   10;  12.3;   4.9;    3;   0.0;   0;    5.933;   0;   4.9;   7.1; 1027.27;   12.1;   53.29;   18.2;    4.1;   -1.3;eor
        430;20180927;   10;   9.8;   4.3;    3;   0.0;   0;    7.517;   0;   3.4;  12.5; 1020.21;   17.8;   60.92;   23.0;   12.4;    7.0;eor
        430;20180928;   10;  11.7;   3.5;    3;   0.0;   0;    8.050;   0;   3.3;   8.5; 1017.62;   12.2;   61.13;   16.9;    4.0;    1.2;eor
        430;20180929;   10;   6.7;   1.8;    3;   0.0;   0;    8.650;   0;   1.0;   7.5; 1023.21;    8.8;   68.83;   15.1;    2.0;   -1.4;eor
        430;20180930;   10;   8.2;   2.0;    3;   0.0;   0;   10.233;   0;   1.1;   7.2; 1013.05;   10.5;   60.50;   18.5;    3.9;   -1.5;eor
        430;20181001;   10;   9.4;   2.8;    3;   1.7;   6;    3.533;   0;   4.8;   8.6; 1008.18;    8.2;   79.29;   14.7;    1.5;   -1.2;eor
        430;20181002;   10;  14.7;   6.3;    3;   1.7;   6;    1.350;   0;   5.5;   9.0; 1009.33;    7.8;   84.83;   10.7;    3.6;    1.4;eor
        430;20181003;   10;  18.7;   7.1;    3;   0.8;   6;    5.317;   0;   5.0;   8.8; 1012.60;   10.9;   68.25;   15.2;    6.4;    3.0;eor
        430;20181004;   10;   8.2;   3.7;    3;   0.0;   0;    0.350;   0;   6.3;  10.7; 1020.82;   11.2;   80.25;   15.0;    5.1;    2.2;eor
        430;20181005;   10;  11.7;   2.8;    3;   0.0;   0;    9.683;   0;   3.3;  10.8; 1016.80;   15.1;   64.75;   20.7;   10.9;    6.5;eor
        430;20181006;   10;   7.9;   2.5;    3;   0.0;   0;    8.300;   0;   4.8;  11.5; 1006.52;   16.0;   64.04;   22.7;    9.5;    5.4;eor
        430;20181007;   10;  10.5;   2.5;    3;   0.0;   0;    0.867;   0;   5.4;  10.1; 1012.06;   11.0;   77.00;   15.2;    3.0;   -2.5;eor
        430;20181008;   10;   6.2;   1.8;    3;   0.0;   0;    9.850;   0;   5.7;   8.0; 1018.67;    9.1;   71.46;   15.4;    2.0;   -4.1;eor
        430;20181009;   10;   4.6;   1.3;    3;   0.0;   0;    4.633;   0;   5.8;  10.6; 1018.50;   12.0;   76.88;   18.8;    4.4;    0.6;eor
        430;20181010;   10;   9.4;   2.8;    3;   0.0;   0;    9.650;   0;   3.1;  12.7; 1018.28;   16.0;   72.38;   23.6;    8.0;    3.4;eor
        430;20181011;   10;  12.3;   4.8;    3;   0.0;   0;    9.567;   0;   0.3;  11.8; 1014.16;   18.0;   58.71;   24.0;   13.2;   10.9;eor
        430;20181012;   10;   6.2;   2.4;    3;   0.0;   0;    9.517;   0;   0.6;  11.9; 1017.75;   17.7;   60.88;   25.2;   12.2;    7.6;eor
        430;20181013;   10;   9.9;   2.8;    3;   0.0;   0;    9.467;   0;   0.1;  11.9; 1018.94;   18.0;   60.17;   25.6;   11.1;    5.7;eor
        430;20181014;   10;  11.7;   4.5;    3;   0.0;   0;    9.350;   0;   0.0;  10.4; 1011.86;   17.8;   52.63;   24.3;   12.6;   11.0;eor
        430;20181015;   10;  10.6;   3.2;    3;   0.0;   0;    8.433;   0;   2.0;   8.7; 1011.43;   16.4;   47.42;   21.9;   11.5;    7.1;eor
        430;20181016;   10;   4.6;   1.2;    3;   0.0;   0;    7.483;   0;   1.3;   9.9; 1013.96;   14.1;   63.42;   20.8;    7.8;    2.6;eor
        430;20181017;   10;   4.6;   1.0;    3;   0.0;   0;    8.900;   0;   0.1;  10.6; 1014.94;   12.9;   73.58;   21.1;    5.7;    1.6;eor
        430;20181018;   10;   7.2;   2.0;    3;   0.0;   6;    4.033;   0;   5.3;  11.5; 1016.88;   11.0;   86.83;   15.2;    5.4;    2.1;eor
        430;20181019;   10;   6.7;   2.0;    3;   0.0;   0;    6.850;   0;   3.9;   8.8; 1020.94;    9.0;   78.33;   14.2;    0.9;   -3.1;eor
        430;20181020;   10;   8.1;   2.2;    3;   0.0;   6;    3.117;   0;   6.2;   7.8; 1023.69;    8.1;   74.25;   13.0;    1.5;   -3.2;eor
        430;20181021;   10;   5.7;   1.5;    3;   0.0;   0;    7.933;   0;   1.4;   8.5; 1023.91;    8.8;   77.04;   15.3;    2.1;   -2.4;eor
        430;20181022;   10;   9.3;   2.3;    3;   2.4;   6;    1.200;   0;   4.0;   8.8; 1022.53;    8.2;   80.50;   11.9;    2.5;   -0.4;eor
        430;20181023;   10;  18.9;   8.2;    3;   6.8;   6;    0.000;   0;   6.8;   9.9; 1008.92;    8.7;   86.42;   12.1;    2.2;   -0.4;eor
        430;20181024;   10;  17.8;   5.6;    3;   0.9;   6;    7.500;   0;   5.0;   7.5; 1009.10;    9.4;   63.71;   12.2;    4.5;    1.0;eor
        430;20181025;   10;  15.3;   6.3;    3;   1.5;   6;    0.333;   0;   7.5;  10.6; 1006.56;   11.2;   79.75;   13.5;    9.1;    8.6;eor
        430;20181026;   10;  11.3;   4.9;    3;   0.0;   6;    0.850;   0;   7.1;   9.6; 1001.57;   10.3;   76.92;   12.5;    7.0;    4.8;eor
        430;20181027;   10;  13.2;   5.8;    3;   0.0;   6;    0.150;   0;   6.5;   7.4; 1001.30;    7.6;   70.83;    9.5;    3.8;    0.6;eor
        430;20181028;   10;  13.9;   3.6;    3;   0.1;   6;    0.717;   0;   7.5;   7.2; 1010.49;    5.9;   78.00;    8.4;    3.0;    1.4;eor
        430;20181029;   10;  12.5;   5.6;    3;   0.0;   6;    0.000;   0;   8.0;   7.2; 1003.43;    4.8;   83.29;    6.6;    4.0;    3.7;eor
        430;20181030;   10;  17.0;   6.8;    3;   0.4;   6;    5.817;   0;   5.3;  10.2;  991.34;   13.3;   67.58;   21.3;    6.7;    6.5;eor
        430;20181031;   10;  13.5;   4.6;    3;   0.0;   0;    8.183;   0;   3.5;   7.2; 1012.20;    9.4;   61.96;   13.2;    5.7;    0.5;eor
        430;20181101;   10;   6.3;   2.3;    3;   0.0;   0;    2.483;   0;   5.5;   8.8; 1009.41;    8.7;   78.08;   12.5;    3.8;   -0.1;eor
        430;20181102;   10;   7.9;   2.5;    3;   0.0;   0;    5.033;   0;   4.5;   8.9; 1017.10;    8.8;   78.92;   14.1;    4.7;    1.1;eor
        430;20181103;   10;   3.9;   1.3;    3;   0.0;   0;    0.733;   0;   5.8;   8.6; 1024.63;    7.5;   83.71;   11.3;    5.0;    1.3;eor
        430;20181104;   10;   8.1;   3.1;    3;   0.0;   0;    0.000;   0;   7.6;  10.5; 1016.43;    9.2;   89.79;   10.9;    4.9;    3.6;eor
        430;20181105;   10;   7.7;   3.7;    3;   0.0;   0;    1.550;   0;   6.6;  11.4; 1008.75;   11.9;   81.79;   14.4;   10.3;    7.7;eor
        430;20181106;   10;   7.2;   3.3;    3;   0.0;   0;    7.717;   0;   2.1;  10.9; 1006.49;   12.6;   74.63;   17.5;    8.4;    6.4;eor
        430;20181107;   10;   5.5;   2.1;    3;   0.0;   0;    6.517;   0;   3.2;  10.9; 1007.68;   10.8;   85.13;   15.8;    5.6;    1.4;eor
        430;20181108;   10;   5.7;   1.2;    3;   1.0;   6;    1.683;   0;   5.6;  10.1; 1015.70;    8.3;   91.96;   13.7;    2.9;    0.4;eor
        430;20181109;   10;   5.5;   2.1;    3;   0.1;   6;    0.017;   0;   6.9;  10.6; 1013.46;    8.7;   93.33;   10.7;    5.0;    1.7;eor
        430;20181110;   10;   7.7;   3.4;    3;   0.0;   6;    3.100;   0;   5.9;  10.1; 1006.82;    9.0;   87.75;   12.0;    5.6;    4.1;eor
        430;20181111;   10;   6.2;   2.9;    3;   1.7;   6;    1.283;   0;   6.1;  10.2; 1007.83;    9.1;   88.08;   11.9;    7.1;    6.3;eor
        430;20181112;   10;   9.3;   3.1;    3;   1.4;   6;    0.550;   0;   6.6;  10.8; 1012.43;   11.8;   77.79;   14.2;    9.2;    7.0;eor
        430;20181113;   10;  11.3;   3.1;    3;   6.9;   6;    0.033;   0;   6.1;  11.2; 1017.47;   10.2;   89.63;   12.5;    7.1;    5.1;eor
        430;20181114;   10;   7.4;   3.0;    3;   0.0;   0;    2.933;   0;   5.0;   9.5; 1024.80;    7.6;   90.38;    9.6;    4.2;    1.1;eor
        430;20181115;   10;   8.6;   3.0;    3;   0.0;   0;    0.000;   0;   4.3;   8.8; 1026.04;    7.6;   84.25;   10.5;    4.7;    3.2;eor
        430;20181116;   10;  11.5;   4.8;    3;   0.0;   0;    7.083;   0;   2.0;   6.7; 1030.67;    5.9;   73.00;    9.1;    2.9;    0.9;eor
        430;20181117;   10;   8.2;   3.3;    3;   0.0;   0;    6.850;   0;   1.3;   5.4; 1033.61;    2.1;   76.79;    5.9;   -1.4;   -5.6;eor
        430;20181118;   10;   6.7;   1.9;    3;   0.0;   6;    0.400;   0;   5.1;   5.9; 1026.58;    1.2;   85.83;    5.3;   -5.3;   -9.5;eor
        430;20181119;   10;  13.4;   4.5;    3;   0.8;   6;    0.000;   0;   6.3;   6.8; 1018.95;    4.0;   83.79;    5.3;    3.0;    1.2;eor
        430;20181120;   10;  15.3;   6.4;    3;   0.0;   8;    0.000;   0;   8.0;   5.4; 1014.99;    2.4;   73.75;    3.5;    1.8;    1.5;eor
        430;20181121;   10;  10.8;   4.7;    3;   0.0;   8;    0.000;   0;   8.0;   5.2; 1017.82;    1.2;   77.04;    1.9;    0.5;    0.4;eor
        430;20181122;   10;  10.3;   4.4;    3;   0.0;   6;    0.000;   0;   8.0;   5.4; 1020.41;    1.1;   81.25;    1.8;    0.5;    0.4;eor
        430;20181123;   10;   7.5;   2.8;    3;   0.0;   6;    0.000;   0;   7.8;   6.5; 1017.59;    2.2;   89.75;    3.9;    0.6;   -0.7;eor
        430;20181124;   10;   4.1;   1.7;    3;   0.0;   6;    0.000;   0;   7.5;   6.6; 1010.36;    1.8;   95.04;    3.8;   -0.6;   -1.5;eor
        430;20181125;   10;   7.5;   2.2;    3;   0.0;   6;    0.000;   0;   7.9;   7.7; 1008.45;    4.4;   91.79;    5.8;    2.7;    1.2;eor
        430;20181126;   10;   8.7;   3.1;    3;   0.0;   0;    0.000;   0;   6.8;   6.1; 1010.16;    2.4;   84.33;    3.8;   -0.5;   -2.2;eor
        430;20181127;   10;   4.1;   1.3;    3;   0.0;   0;    0.000;   0;   6.8;   5.1; 1018.22;    0.0;   83.00;    1.7;   -2.3;   -3.8;eor
        430;20181128;   10;  11.1;   4.2;    3;   0.0;   0;    6.367;   0;   2.9;   4.6; 1023.89;    1.1;   70.75;    3.2;   -1.3;   -4.0;eor
        430;20181129;   10;  12.5;   6.5;    3;   0.0;   0;    1.867;   0;   6.4;   3.7; 1017.94;    0.8;   57.54;    3.3;   -1.2;   -2.2;eor
        430;20181130;   10;  11.7;   4.8;    3;   3.1;   6;    0.000;   0;   7.8;   4.7; 1011.29;    1.0;   71.83;    2.1;    0.6;   -0.2;eor
        430;20181201;   10;   7.5;   2.7;    3;   0.0;   6;    2.417;   0;   6.8;   7.5; 1009.59;    4.0;   91.83;    7.1;    0.9;    0.7;eor
        430;20181202;   10;  10.5;   4.6;    3;   1.7;   6;    0.000;   0;   7.5;   8.8;  998.48;    6.9;   87.08;   10.2;    4.4;    3.1;eor
        430;20181203;   10;  11.1;   4.2;    3;   3.9;   6;    1.133;   0;   6.3;  11.6;  995.17;   10.9;   89.08;   13.5;    8.4;    5.5;eor
        430;20181204;   10;  14.4;   5.3;    3;   0.2;   6;    3.150;   0;   3.8;   7.6; 1008.85;    6.2;   79.29;   10.2;    0.5;   -2.5;eor
        430;20181205;   10;   8.6;   3.1;    3;   0.0;   0;    6.050;   0;   2.7;   5.9; 1021.83;    2.4;   82.08;    7.1;   -1.1;   -4.8;eor
        430;20181206;   10;   8.4;   4.2;    3;   1.4;   6;    0.050;   0;   7.8;   7.2; 1011.98;    5.4;   78.04;    9.3;    2.0;    1.5;eor
        430;20181207;   10;  14.6;   5.4;    3;   8.4;   6;    0.000;   0;   8.0;  11.7; 1000.37;   10.6;   91.63;   12.3;    9.3;    8.3;eor
        430;20181208;   10;  18.5;   7.9;    3;   3.0;   6;    0.033;   0;   6.4;   7.8;  994.96;    7.2;   76.92;    9.7;    5.4;    3.5;eor
        430;20181209;   10;  16.3;   7.6;    3;   2.5;   6;    0.017;   0;   7.6;   8.5;  988.24;    7.3;   82.88;    8.3;    5.9;    5.4;eor
        430;20181210;   10;  15.8;   7.9;    3;   0.3;   6;    1.117;   0;   6.8;   6.7; 1003.80;    4.7;   78.08;    5.9;    3.5;    2.1;eor
        430;20181211;   10;  13.5;   4.4;    3;   2.5;   6;    0.000;   0;   7.7;   7.1; 1009.52;    3.7;   88.67;    4.8;    1.9;    0.1;eor
        430;20181212;   10;   5.7;   2.2;    3;   0.0;   6;    0.150;   0;   7.1;   6.8; 1019.39;    2.7;   91.00;    4.1;    1.8;    0.7;eor
        430;20181213;   10;   5.1;   2.3;    3;   0.0;   8;    0.000;   0;   7.8;   6.4; 1020.01;    1.8;   91.29;    2.5;    1.1;    0.8;eor
        430;20181214;   10;   7.0;   2.8;    3;   0.0;   0;    0.000;   0;   7.7;   5.1; 1022.14;    0.6;   79.54;    1.2;   -0.2;   -0.3;eor
        430;20181215;   10;   6.2;   2.3;    3;   0.0;   7;    0.000;   0;   7.8;   5.0; 1023.80;    0.1;   81.54;    0.7;   -0.6;   -0.7;eor
        430;20181216;   10;  11.3;   4.5;    3;   0.0;   7;    0.000;   0;   7.5;   4.3; 1012.79;   -0.2;   72.42;    0.6;   -1.4;   -2.8;eor
        430;20181217;   10;   5.7;   1.5;    3;   0.4;   8;    0.000;   0;   7.8;   5.7; 1015.98;    1.3;   85.25;    3.0;   -0.8;   -1.3;eor
        430;20181218;   10;   7.0;   2.4;    3;   0.0;   6;    0.450;   0;   6.4;   7.3; 1020.31;    4.1;   89.00;    6.8;    1.1;   -0.5;eor
        430;20181219;   10;  10.8;   4.0;    3;   0.0;   6;    0.000;   0;   7.0;   6.1; 1013.31;    2.2;   85.17;    3.6;    0.6;   -0.6;eor
        430;20181220;   10;   6.0;   2.6;    3;   1.2;   6;    0.000;   0;   7.4;   7.2; 1010.11;    4.2;   86.92;    5.6;    3.0;    2.0;eor
        430;20181221;   10;  17.7;   4.8;    3;   7.1;   6;    0.000;   0;   7.6;   9.0; 1001.15;    6.9;   89.83;   11.0;    4.4;    2.2;eor
        430;20181222;   10;  17.5;   5.2;    3;   5.6;   6;    0.000;   0;   7.6;   7.9; 1002.83;    6.4;   82.33;    9.8;    3.5;    1.6;eor
        430;20181223;   10;  11.3;   4.4;    3;   2.7;   6;    0.067;   0;   7.8;   8.7; 1010.45;    5.9;   93.92;    7.8;    3.0;    1.7;eor
        430;20181224;   10;  11.1;   4.0;    3;   0.2;   8;    0.000;   0;   7.8;   6.0; 1018.62;    1.9;   84.50;    5.4;    0.1;   -0.1;eor
        430;20181225;   10;  13.0;   6.0;    3;   0.1;   6;    0.000;   0;   7.5;   7.1; 1023.25;    4.8;   82.96;    5.8;    3.0;    2.4;eor
        430;20181226;   10;  12.7;   5.4;    3;   0.9;   6;    0.000;   0;   8.0;   8.5; 1021.71;    5.7;   92.08;    6.8;    4.6;    4.2;eor
        430;20181227;   10;  10.8;   4.9;    3;   0.4;   6;    0.000;   0;   7.8;   8.4; 1019.54;    5.2;   94.25;    6.0;    4.0;    3.0;eor
        430;20181228;   10;   9.1;   4.0;    3;   1.0;   6;    0.000;   0;   7.8;   8.6; 1019.88;    6.1;   91.33;    7.1;    5.1;    4.8;eor
        430;20181229;   10;  11.1;   5.1;    3;   4.1;   6;    0.000;   0;   8.0;   8.7; 1019.78;    5.9;   94.04;    7.0;    4.9;    4.5;eor
        430;20181230;   10;  14.4;   5.3;    3;   0.2;   6;    0.017;   0;   6.8;   7.9; 1018.03;    6.2;   83.29;    7.8;    2.9;    0.1;eor
        430;20181231;   10;   8.9;   2.8;    3;   0.3;   6;    0.017;   0;   7.9;   8.5; 1024.86;    5.3;   94.88;    7.9;    2.0;    0.4;eor
        430;20190101;   10;  17.1;   8.4;    3;   0.9;   8;    1.050;   0;   7.5;   7.9; 1012.33;    6.5;   80.67;    8.3;    2.8;    1.2;eor
        430;20190102;   10;  17.7;   5.4;    3;   0.2;   7;    1.750;   0;   3.8;   4.4; 1019.18;    1.9;   62.21;    3.9;   -2.2;   -6.0;eor
        430;20190103;   10;   9.8;   2.8;    3;   0.0;   7;    0.033;   0;   4.7;   4.8; 1028.14;   -0.5;   80.79;    1.9;   -2.8;   -7.4;eor
        430;20190104;   10;  10.3;   4.2;    3;   1.2;   6;    0.000;   0;   7.7;   6.6; 1022.73;    1.7;   94.83;    5.0;   -1.2;   -2.0;eor
        430;20190105;   10;   9.8;   3.7;    3;   0.0;   6;    0.483;   0;   7.4;   8.4; 1015.47;    6.0;   89.67;    8.0;    2.2;   -1.0;eor
        430;20190106;   10;   7.0;   1.9;    3;   0.3;   8;    0.367;   0;   7.0;   6.0; 1023.24;    1.9;   86.50;    3.5;   -0.2;   -2.2;eor
        430;20190107;   10;  10.5;   3.1;    3;   7.6;   6;    0.000;   0;   7.7;   7.5; 1020.30;    3.3;   96.13;    5.8;   -0.8;   -2.1;eor
        430;20190108;   10;  17.5;   7.3;    3;   6.4;   6;    0.000;   0;   7.3;   7.9;  996.75;    4.9;   90.79;    6.1;    2.2;    1.8;eor
        430;20190109;   10;  12.9;   5.4;    3;   2.0;   8;    0.000;   0;   8.0;   6.5; 1002.51;    2.1;   91.50;    3.0;    1.2;    0.7;eor
        430;20190110;   10;   9.8;   3.3;    3;   0.0;   7;    0.800;   0;   7.0;   5.4; 1017.68;    1.0;   81.42;    2.2;   -0.3;   -1.6;eor
        430;20190111;   10;   9.9;   4.7;    3;   0.4;   8;    0.000;   0;   8.0;   6.9; 1011.94;    2.4;   93.08;    5.7;   -0.2;   -0.6;eor
        430;20190112;   10;  12.5;   5.9;    3;   4.4;   6;    0.000;   0;   7.9;   7.7; 1005.30;    5.0;   88.50;    6.0;    3.9;    3.3;eor
        430;20190113;   10;  14.6;   7.2;    3;   6.4;   8;    0.000;   0;   7.8;   8.7;  990.66;    6.3;   90.96;    8.1;    5.2;    3.8;eor
        430;20190114;   10;  18.0;   7.7;    3;   0.0;   8;    3.133;   0;   4.4;   4.8;  996.34;    2.4;   65.50;    5.9;    0.2;   -1.3;eor
        430;20190115;   10;  16.5;   8.2;    3;   1.1;   6;    0.000;   0;   7.7;   7.0; 1004.19;    3.9;   84.50;    6.7;    1.3;   -0.1;eor
        430;20190116;   10;  14.9;   6.8;    3;   0.0;   6;    0.000;   0;   7.9;   7.8; 1001.70;    6.3;   81.75;    7.3;    3.1;    1.5;eor
        430;20190117;   10;  14.1;   6.4;    3;   1.5;   8;    0.767;   0;   7.3;   6.6;  994.98;    4.6;   77.63;    6.9;    1.4;    0.4;eor
        430;20190118;   10;  12.0;   4.6;    3;   0.2;   7;    6.633;   1;   5.2;   5.0; 1010.61;    0.4;   80.04;    1.8;   -1.7;   -3.8;eor
        430;20190119;   10;   5.0;   1.5;    3;   0.0;   0;    4.883;   1;   4.6;   5.1; 1015.63;    0.3;   81.08;    2.6;   -3.1;   -7.7;eor
        430;20190120;   10;   5.1;   1.7;    3;   0.0;   7;    6.600;   0;   2.9;   4.4; 1015.75;   -2.7;   87.46;    0.9;   -4.9;   -7.0;eor
        430;20190121;   10;   7.0;   2.9;    3;   0.0;   7;    3.500;   0;   7.0;   4.2; 1017.20;   -3.2;   87.42;   -0.6;   -4.4;   -6.7;eor
        430;20190122;   10;   8.2;   3.1;    3;   0.0;   0;    5.200;   0;   3.9;   3.9; 1007.74;   -2.6;   77.67;    0.3;   -5.5;   -7.6;eor
        430;20190123;   10;  10.1;   5.2;    3;   0.0;   7;    0.633;   0;   6.3;   3.3; 1001.78;   -5.4;   81.29;   -3.3;   -7.0;   -7.4;eor
        430;20190124;   10;   9.1;   3.5;    3;   0.0;   7;    0.000;   0;   8.0;   3.4; 1008.22;   -3.8;   73.00;   -3.2;   -4.9;   -4.5;eor
        430;20190125;   10;   7.7;   2.4;    3;   0.5;   7;    0.233;   0;   7.5;   3.5; 1009.80;   -3.7;   76.13;   -2.6;   -4.5;   -4.8;eor
        430;20190126;   10;   6.7;   2.7;    3;   4.1;   8;    0.000;   1;   8.0;   6.3;  997.88;    0.8;   95.63;    3.9;   -3.1;   -3.4;eor
        430;20190127;   10;   8.7;   4.1;    3;   2.7;   6;    0.000;   0;   7.5;   7.4;  985.60;    4.4;   87.96;    6.3;    2.9;    1.6;eor
        430;20190128;   10;   8.6;   3.6;    3;   0.7;   8;    4.267;   0;   6.9;   6.8;  986.98;    3.3;   87.25;    5.9;    1.5;   -0.1;eor
        430;20190129;   10;  10.3;   3.8;    3;   0.0;   0;    0.067;   1;   7.1;   5.9;  998.11;    1.2;   88.29;    2.7;   -1.5;   -3.2;eor
        430;20190130;   10;  12.9;   5.0;    3;   0.0;   0;    5.317;   0;   5.0;   4.8;  996.27;    0.3;   77.33;    3.1;   -2.4;   -4.0;eor
        430;20190131;   10;   8.6;   3.2;    3;   0.0;   0;    1.883;   0;   5.6;   5.0;  995.90;    1.0;   75.88;    4.2;   -1.4;   -3.1;eor
        430;20190201;   10;   9.8;   3.7;    3;   2.1;   8;    0.000;   0;   6.1;   4.9;  992.40;   -0.1;   80.08;    2.1;   -3.1;   -4.8;eor
        430;20190202;   10;   9.4;   2.6;    3;   1.2;   8;    0.000;   1;   8.0;   6.1;  993.09;    0.5;   95.67;    1.1;    0.1;   -0.1;eor
        430;20190203;   10;   9.1;   3.0;    3;   0.0;   8;    0.000;   0;   8.0;   6.2; 1009.25;    1.0;   94.63;    1.9;   -0.8;   -2.9;eor
        430;20190204;   10;   9.4;   3.5;    3;   0.1;   7;    6.617;   0;   4.5;   5.3; 1022.08;    0.9;   81.92;    5.7;   -3.9;   -6.5;eor
        430;20190205;   10;   9.1;   4.5;    3;   0.0;   7;    0.000;   0;   7.8;   5.6; 1021.42;    2.3;   77.29;    3.8;    0.2;   -1.2;eor
        430;20190206;   10;  10.3;   3.9;    3;   0.0;   0;    3.833;   0;   6.9;   5.8; 1019.97;    3.6;   73.54;    7.1;    1.0;   -2.4;eor
        430;20190207;   10;  10.8;   4.0;    3;   0.4;   6;    1.017;   0;   6.5;   5.1; 1008.30;    3.1;   67.46;    6.0;    0.2;   -1.1;eor
        430;20190208;   10;  12.5;   5.7;    3;   0.0;   6;    2.467;   0;   5.5;   6.7; 1008.47;    5.7;   73.29;    8.8;    2.6;    0.5;eor
        430;20190209;   10;  20.2;   7.8;    3;   1.3;   8;    3.267;   0;   6.1;   6.9; 1000.12;    7.8;   64.67;   11.2;    5.4;    3.7;eor
        430;20190210;   10;  17.3;   5.8;    3;  11.8;   6;    0.000;   0;   6.3;   8.2;  993.21;    6.7;   82.67;    9.0;    4.3;    2.1;eor
        430;20190211;   10;  15.6;   6.9;    3;   0.3;   6;    1.183;   0;   4.7;   6.2; 1001.78;    4.4;   74.42;    7.1;    1.3;   -0.3;eor
        430;20190212;   10;  12.2;   4.6;    3;   0.1;   6;    4.033;   0;   4.4;   5.3; 1022.37;    2.9;   70.54;    6.3;    0.7;   -3.2;eor
        430;20190213;   10;  11.0;   5.7;    3;   0.2;   6;    0.000;   0;   8.0;   8.5; 1026.97;    6.1;   89.92;    8.2;    2.9;    1.8;eor
        430;20190214;   10;   8.2;   3.1;    3;   0.0;   0;    4.717;   0;   4.2;   7.9; 1030.28;    6.7;   81.00;   10.7;    0.8;   -4.2;eor
        430;20190215;   10;   4.1;   1.4;    3;   0.0;   0;    8.500;   0;   1.8;   5.5; 1028.68;    5.7;   65.17;   13.9;   -3.4;   -6.3;eor
        430;20190216;   10;   8.7;   2.2;    3;   0.0;   0;    8.583;   0;   0.6;   5.7; 1021.60;    7.5;   58.96;   16.4;    0.0;   -5.0;eor
        430;20190217;   10;   5.1;   1.4;    3;   0.0;   0;    8.417;   0;   3.7;   6.3; 1019.59;    6.4;   68.46;   14.0;   -1.3;   -6.1;eor
        430;20190218;   10;   4.6;   1.7;    3;   0.0;   0;    8.700;   0;   3.0;   6.4; 1014.42;    8.1;   61.79;   15.6;    1.1;   -5.3;eor
        430;20190219;   10;  14.4;   4.8;    3;   1.1;   6;    0.167;   0;   6.2;   7.0; 1010.50;    6.5;   72.46;   10.2;    0.7;   -3.5;eor
        430;20190220;   10;   9.8;   4.5;    3;   0.2;   6;    1.017;   0;   7.0;   7.6; 1016.22;    7.1;   75.25;   10.1;    4.2;    1.1;eor
        430;20190221;   10;  10.8;   4.6;    3;   2.6;   6;    0.983;   0;   7.7;   8.8; 1018.60;    8.1;   80.54;   10.8;    5.1;    2.9;eor
        430;20190222;   10;  11.1;   4.1;    3;   0.0;   6;    7.400;   0;   4.3;   5.6; 1032.43;    3.4;   67.46;    8.6;   -2.0;   -3.6;eor
        430;20190223;   10;   7.2;   2.9;    3;   0.0;   0;    7.967;   0;   5.0;   3.0; 1039.07;    0.8;   47.75;    5.4;   -3.5;   -6.4;eor
        430;20190224;   10;   4.3;   1.4;    3;   0.0;   0;    7.167;   0;   2.8;   3.6; 1034.48;    3.9;   47.46;   12.3;   -2.4;   -6.7;eor
        430;20190225;   10;   7.9;   2.0;    3;   0.0;   0;    9.117;   0;   4.5;   5.8; 1031.91;    5.8;   62.29;   14.0;   -2.5;   -7.0;eor
        430;20190226;   10;   5.7;   1.9;    3;   0.0;   0;    1.033;   0;   4.8;   6.9; 1028.19;    5.5;   76.46;   11.5;   -0.1;   -4.7;eor
        430;20190227;   10;   7.2;   2.3;    3;   0.0;   0;    9.300;   0;   1.7;   5.6; 1020.49;    7.2;   62.04;   16.1;   -2.2;   -4.8;eor
        430;20190228;   10;  10.6;   4.0;    3;   0.0;   6;    7.017;   0;   4.2;   7.0; 1006.93;    7.2;   69.63;   12.8;    2.0;   -1.8;eor
        430;20190301;   10;   7.2;   2.1;    3;   0.0;   6;    0.000;   0;   7.7;   6.6; 1007.65;    4.3;   79.38;    5.8;    2.3;   -1.1;eor
        430;20190302;   10;   8.4;   2.9;    3;   0.5;   6;    0.017;   0;   7.6;   5.9; 1010.21;    4.0;   72.75;    6.0;    2.2;    1.2;eor
        430;20190303;   10;  14.9;   6.3;    3;   1.9;   6;    0.000;   0;   7.8;   9.5; 1001.03;    9.0;   82.79;   11.5;    4.5;    3.8;eor
        430;20190304;   10;  28.5;   8.1;    3;   4.4;   6;    1.767;   0;   5.9;   8.3;  988.61;    9.7;   69.08;   14.9;    5.8;    4.1;eor
        430;20190305;   10;  17.1;   7.9;    3;   1.6;   8;    2.967;   0;   5.0;   6.8;  997.48;    5.9;   73.04;    9.2;    2.0;   -1.2;eor
        430;20190306;   10;  11.7;   4.5;    3;   1.6;   6;    6.217;   0;   5.5;   6.8; 1003.18;    7.0;   69.29;   12.3;    0.5;   -2.9;eor
        430;20190307;   10;  17.3;   5.7;    3;   0.0;   6;    1.433;   0;   6.3;   8.2;  992.60;   10.8;   64.21;   17.4;    8.1;    6.1;eor
        430;20190308;   10;  22.3;   8.6;    3;   1.4;   6;    3.650;   0;   4.9;   6.9; 1001.04;    7.7;   65.04;    9.9;    3.6;   -0.7;eor
        430;20190309;   10;  20.4;   7.9;    3;   6.1;   6;    1.433;   0;   6.8;   7.4; 1000.67;    7.4;   73.17;   12.0;    4.1;    2.3;eor
        430;20190310;   10;  13.7;   5.2;    3;  14.2;   8;    0.633;   0;   7.2;   6.7;  998.53;    4.5;   80.46;    7.8;    0.5;    0.0;eor
        430;20190311;   10;  14.9;   6.4;    3;   2.5;   8;    0.500;   0;   7.0;   6.5; 1005.86;    3.1;   86.00;    5.8;    1.1;   -1.3;eor
        430;20190312;   10;  11.8;   5.6;    3;   0.7;   6;    2.467;   0;   7.4;   6.2; 1010.46;    5.5;   70.79;    9.5;    1.4;    0.9;eor
        430;20190313;   10;  20.4;   8.6;    3;   1.7;   6;    2.833;   0;   7.2;   6.3;  996.83;    7.4;   61.92;   10.8;    4.4;    2.7;eor
        430;20190314;   10;  16.3;   7.1;    3;   8.4;   6;    0.117;   0;   7.8;   7.8;  993.02;    5.8;   84.67;    8.7;    4.3;    3.3;eor
        430;20190315;   10;  20.4;   8.6;    3;   0.8;   6;    0.583;   0;   6.3;   7.9;  993.30;    7.6;   75.46;   10.4;    5.5;    4.6;eor
        430;20190316;   10;  17.5;   6.5;    3;   5.8;   6;    0.217;   0;   7.0;   7.7;  999.71;    6.8;   77.79;    9.4;    4.8;    3.4;eor
        430;20190317;   10;  16.5;   6.8;    3;   1.6;   6;    2.017;   0;   6.7;   8.2;  996.45;    8.4;   74.08;   12.8;    4.0;    1.9;eor
        430;20190318;   10;  18.2;   8.0;    3;   2.3;   8;    2.850;   0;   5.2;   6.5; 1006.75;    4.9;   75.21;    9.6;    3.0;    1.2;eor
        430;20190319;   10;  10.3;   4.3;    3;   0.0;   6;    4.150;   0;   4.4;   6.0; 1020.47;    4.8;   71.00;    8.8;   -0.5;   -4.8;eor
        430;20190320;   10;  11.7;   3.8;    3;   0.0;   6;    7.750;   0;   4.0;   6.7; 1027.83;    7.0;   68.71;   13.6;   -2.3;   -6.7;eor
        430;20190321;   10;   8.7;   3.3;    3;   0.0;   0;    0.333;   0;   6.1;   9.8; 1028.92;    9.5;   82.29;   12.4;    4.1;   -0.1;eor
        430;20190322;   10;   6.0;   2.0;    3;   0.0;   0;    1.067;   0;   5.5;   9.9; 1027.62;    8.7;   88.21;   11.4;    4.4;    2.7;eor
        430;20190323;   10;  10.1;   2.9;    3;   0.0;   0;    8.117;   0;   4.0;   9.7; 1022.58;    9.6;   81.83;   15.6;    4.9;    2.7;eor
        430;20190324;   10;   7.2;   1.9;    3;   0.3;   8;    5.783;   0;   5.6;   6.4; 1020.42;    6.5;   68.58;   12.2;    0.5;   -4.0;eor
        430;20190325;   10;  12.7;   4.1;    3;   3.2;   8;    4.067;   0;   5.1;   6.6; 1011.38;    4.6;   77.88;    9.3;    0.8;   -2.2;eor
        430;20190326;   10;  15.1;   4.8;    3;   0.8;   6;    1.933;   0;   6.3;   6.9; 1019.40;    4.8;   80.29;    9.0;    0.6;   -1.4;eor
        430;20190327;   10;  10.3;   4.1;    3;   1.8;   6;    0.517;   0;   7.6;   8.7; 1024.59;    7.3;   85.67;   10.1;    2.9;    0.2;eor
        430;20190328;   10;   6.7;   2.7;    3;   0.5;   6;    0.000;   0;   8.0;  10.8; 1027.88;    8.8;   94.96;   10.1;    7.9;    7.6;eor
        430;20190329;   10;   7.2;   2.5;    3;   0.0;   0;    0.000;   0;   6.2;  10.2; 1027.17;    9.9;   83.63;   12.4;    5.0;    0.1;eor
        430;20190330;   10;  11.3;   2.6;    3;   0.0;   0;   10.933;   0;   3.0;   8.6; 1017.87;   11.2;   67.67;   18.5;    3.4;   -1.9;eor
        430;20190331;   10;  10.1;   3.1;    3;   0.0;   0;    6.867;   0;   3.1;   6.5; 1018.47;    8.1;   61.04;   13.0;    0.9;   -4.3;eor
        430;20190401;   10;  11.5;   3.7;    3;   0.0;   0;   11.767;   0;   0.0;   4.4; 1021.99;    5.7;   49.92;   11.7;   -2.4;   -8.9;eor
        430;20190402;   10;  11.7;   5.3;    3;   0.0;   0;   10.167;   0;   3.2;   5.5; 1009.06;    9.3;   46.67;   15.2;    2.4;    0.7;eor
        430;20190403;   10;   8.2;   3.5;    3;   0.0;   0;    7.617;   0;   6.5;   8.2;  999.31;   14.0;   52.21;   19.3;    8.5;    6.6;eor
        430;20190404;   10;  10.8;   4.1;    3;   0.0;   0;   11.417;   0;   3.1;   8.4;  994.79;   15.4;   48.75;   21.2;    9.3;    6.8;eor
        430;20190405;   10;   7.2;   2.7;    3;   0.0;   0;    6.517;   0;   6.0;   9.4; 1000.82;   11.3;   70.33;   14.4;    7.3;    2.7;eor
        430;20190406;   10;  10.6;   3.2;    3;   0.0;   0;   11.367;   0;   1.7;   8.7; 1003.15;   14.8;   55.29;   21.8;    6.5;    1.1;eor
        430;20190407;   10;   9.3;   2.9;    3;   0.0;   0;   12.017;   0;   0.4;   7.3; 1003.93;   14.3;   46.67;   19.9;    7.5;    1.7;eor
        430;20190408;   10;   9.8;   2.6;    3;   0.0;   6;   10.033;   0;   1.0;   7.1; 1006.10;   11.4;   57.08;   20.4;    2.2;   -2.6;eor
        430;20190409;   10;   9.1;   3.9;    3;   0.0;   0;    9.683;   0;   3.4;   5.9; 1010.68;    6.9;   61.04;   12.0;    3.3;    1.4;eor
        430;20190410;   10;   8.7;   2.9;    3;   0.0;   0;    3.333;   0;   5.0;   5.0; 1014.00;    5.4;   57.33;   10.2;    1.1;   -1.7;eor
        430;20190411;   10;   9.3;   3.5;    3;   0.0;   8;    3.667;   0;   6.6;   4.9; 1020.43;    3.9;   60.92;    6.2;    0.9;   -0.3;eor
        430;20190412;   10;   8.7;   3.4;    3;   0.0;   8;    0.000;   0;   7.9;   5.1; 1021.82;    3.5;   65.17;    5.3;    2.1;    2.0;eor
        430;20190413;   10;   8.9;   3.3;    3;   0.1;   8;    0.083;   0;   7.5;   5.0; 1020.18;    4.6;   59.67;    7.5;    2.1;    1.5;eor
        430;20190414;   10;   8.7;   3.5;    3;   1.1;   6;    0.033;   0;   7.0;   6.8; 1021.17;    6.0;   73.67;   10.2;    2.7;    2.7;eor
        430;20190415;   10;  12.3;   3.4;    3;   0.0;   0;   12.633;   0;   0.3;   5.2; 1023.24;    7.9;   50.88;   13.5;    1.9;   -0.1;eor
        430;20190416;   10;  13.0;   3.7;    3;   0.0;   0;   12.583;   0;   0.3;   5.0; 1019.62;    9.4;   45.63;   16.1;    1.5;   -1.6;eor
        430;20190417;   10;   9.8;   3.6;    3;   0.0;   0;   12.500;   0;   0.8;   6.4; 1023.23;   11.8;   46.42;   18.5;    3.9;    1.2;eor
        430;20190418;   10;  11.7;   3.1;    3;   0.0;   0;   12.733;   0;   0.2;   6.8; 1026.04;   14.6;   44.21;   21.4;    5.7;   -0.6;eor
        430;20190419;   10;   8.7;   3.0;    3;   0.0;   0;   12.850;   0;   0.1;   6.4; 1028.35;   15.6;   38.38;   22.4;    8.6;    3.1;eor
        430;20190420;   10;  10.5;   2.2;    3;   0.0;   0;   12.933;   0;   1.9;   6.6; 1025.89;   13.8;   44.79;   21.8;    5.0;    1.1;eor
        430;20190421;   10;   9.4;   2.3;    3;   0.0;   0;   13.000;   0;   1.8;   6.5; 1019.05;   14.7;   41.00;   21.3;    6.5;   -0.4;eor
        430;20190422;   10;  18.0;   5.4;    3;   0.0;   0;   13.033;   0;   0.9;   6.9; 1013.23;   13.7;   44.29;   19.1;    7.5;    2.1;eor
        430;20190423;   10;  18.2;   7.9;    3;   0.0;   6;    9.000;   0;   3.3;   8.4; 1005.76;   14.9;   49.71;   19.5;   10.0;    8.3;eor
        430;20190424;   10;  13.7;   6.1;    3;   0.2;   6;   10.283;   0;   5.0;  11.0; 1002.44;   17.6;   55.46;   23.7;   12.6;   11.8;eor
        430;20190425;   10;   9.3;   3.3;    3;   0.0;   0;   11.717;   0;   4.2;   9.9; 1006.28;   19.2;   47.79;   25.7;   12.1;   10.0;eor
        430;20190426;   10;  12.5;   4.3;    3;   3.2;   6;    9.350;   0;   5.1;  11.6; 1004.03;   18.8;   54.04;   25.1;   10.1;    9.6;eor
        430;20190427;   10;   9.3;   3.9;    3;   0.5;   6;    1.000;   0;   6.7;  10.3; 1007.63;   13.0;   70.71;   18.4;    8.8;    5.5;eor
        430;20190428;   10;   9.8;   4.0;    3;   0.8;   6;    1.983;   0;   7.4;   9.6; 1012.81;   10.2;   77.88;   13.5;    8.2;    7.9;eor
        430;20190429;   10;  11.5;   3.9;    3;   1.8;   6;    3.583;   0;   5.1;   9.4; 1013.57;   10.5;   75.38;   17.6;    5.4;    2.6;eor
        430;20190430;   10;   8.9;   2.9;    3;   0.5;   6;   12.483;   0;   2.3;   5.6; 1013.20;   11.3;   46.50;   18.8;    3.1;    0.7;eor
        430;20190501;    3;  12.0;   4.6;    3;   0.1;   6;    8.400;   0;   5.7;  10.0; 1007.75;   12.5;   69.33;   17.2;    7.5;    5.6;eor
        430;20190502;    3;  13.7;   6.5;    3;   0.1;   6;    0.117;   0;   7.3;   9.1; 1001.58;   10.2;   72.92;   14.2;    6.9;    5.0;eor
        430;20190503;    3;  13.0;   5.5;    3;   0.0;   6;    5.217;   0;   6.6;   6.1; 1003.15;    8.4;   55.63;   12.4;    5.3;    3.4;eor
        430;20190504;    3;   9.9;   3.8;    3;   0.0;   6;    3.650;   0;   5.7;   6.1; 1002.66;    6.8;   62.54;   11.2;    2.9;   -2.9;eor
        430;20190505;    3;   8.2;   2.6;    3;   0.0;   6;    7.267;   0;   3.4;   5.4; 1011.38;    6.7;   58.17;   12.4;   -1.2;   -5.3;eor
        430;20190506;    3;  12.7;   4.8;    3;   0.8;   6;    5.667;   0;   5.1;   6.4; 1012.79;    8.0;   61.00;   13.4;    2.6;   -0.6;eor
        430;20190507;    3;  10.5;   3.3;    3;   0.0;   0;    7.417;   0;   4.2;   6.2; 1012.86;    8.5;   58.17;   14.1;    3.8;   -2.6;eor
        430;20190508;    3;  14.2;   4.4;    3;   0.2;   6;    8.450;   0;   5.2;   7.2; 1003.17;   12.2;   52.96;   18.5;    2.6;   -4.1;eor
        430;20190509;    3;  10.1;   3.5;    3;   0.2;   6;    2.717;   0;   6.3;  11.1;  995.59;   13.8;   70.46;   17.6;   10.3;    5.2;eor
        430;20190510;    3;  15.3;   3.8;    3;   0.2;   6;    4.000;   0;   6.1;  10.6; 1002.82;   12.7;   73.17;   18.6;    6.3;    0.4;eor
        430;20190511;    3;   7.7;   2.2;    3;   1.5;   6;    3.750;   0;   7.3;   9.1; 1009.72;   11.1;   70.00;   15.7;    5.3;   -0.6;eor
        430;20190512;    3;  11.0;   3.8;    3;   0.0;   0;   11.583;   0;   5.0;   6.5; 1023.08;   11.7;   49.63;   17.1;    6.6;   -0.3;eor
        430;20190513;    3;  10.1;   3.0;    3;   0.0;   6;    9.083;   0;   2.8;   6.0; 1030.18;   10.3;   49.46;   16.0;    2.5;   -0.6;eor
        430;20190514;    3;  12.5;   3.8;    3;   0.0;   6;    7.350;   0;   3.2;   6.1; 1027.74;    8.9;   55.17;   13.9;    3.6;    0.1;eor
        430;20190515;    3;   9.9;   3.5;    3;   3.1;   6;    1.767;   0;   5.9;   6.2; 1021.24;    8.6;   56.50;   14.1;    2.0;   -2.1;eor
        430;20190516;    3;   7.0;   2.4;    3;   7.1;   6;    0.000;   0;   7.5;  11.1; 1011.65;    9.5;   92.79;   11.8;    7.0;    2.7;eor
        430;20190517;    3;   8.1;   2.1;    3;   0.0;   0;    5.867;   0;   4.5;  11.3; 1007.07;   13.8;   73.75;   20.2;    5.1;    2.5;eor
        430;20190518;    3;  11.7;   3.2;    3;   0.0;   0;   12.850;   0;   1.5;  11.7; 1003.47;   17.9;   60.46;   24.9;   10.8;    8.1;eor
        430;20190519;    3;  11.3;   3.1;    3;   0.0;   6;   10.200;   0;   3.1;  13.4; 1001.26;   19.3;   61.79;   25.7;   11.5;    6.0;eor
        430;20190520;    3;  20.6;   3.1;    3;  15.3;   6;    6.750;   0;   5.8;  16.1;  998.17;   18.7;   76.58;   25.4;   14.7;   12.9;eor
        430;20190521;    3;   9.3;   2.4;    3;   4.4;   6;    8.500;   0;   5.1;  14.9; 1000.88;   18.2;   73.83;   24.1;   12.7;    9.5;eor
        430;20190522;    3;  12.0;   5.0;    3;   0.4;   6;    0.000;   0;   7.9;  12.9; 1008.63;   12.7;   87.00;   15.3;   11.2;   10.2;eor
        430;20190523;    3;   9.9;   2.9;    3;   0.0;   0;   12.233;   0;   5.8;   9.9; 1013.52;   14.1;   63.17;   19.4;    7.8;    5.6;eor
        430;20190524;    3;  11.7;   3.2;    3;   0.0;   0;   12.483;   0;   5.6;  10.3; 1009.20;   17.7;   53.33;   23.3;    9.7;    4.2;eor
        430;20190525;    3;   9.8;   3.8;    3;   0.0;   0;    2.983;   0;   6.0;  10.0; 1010.46;   13.1;   66.71;   16.0;    9.5;    7.1;eor
        430;20190526;    3;  14.4;   5.2;    3;   0.0;   6;    5.450;   0;   7.2;  10.8; 1007.52;   16.2;   60.79;   21.7;    7.5;    3.3;eor
        430;20190527;    3;  11.3;   4.8;    3;   0.0;   6;    0.717;   0;   7.4;  13.8; 1002.62;   18.3;   65.88;   21.5;   14.6;   13.6;eor
        430;20190528;    3;   8.6;   3.0;    3;   0.0;   6;    3.767;   0;   6.3;  10.9; 1002.74;   15.2;   64.25;   19.9;    9.6;    4.5;eor
        430;20190529;    3;  10.5;   3.1;    3;   0.0;   0;   10.600;   0;   3.9;   7.4; 1016.00;   12.6;   52.21;   18.3;    8.6;    2.3;eor
        430;20190530;    3;  12.5;   4.0;    3;   0.0;   6;   10.533;   0;   4.9;   9.4; 1019.12;   16.4;   51.75;   23.9;    7.1;    0.0;eor
        430;20190531;    3;  10.8;   3.6;    3;   5.6;   6;    3.817;   0;   5.6;  15.9; 1018.14;   18.8;   74.04;   24.8;   13.2;    9.6;eor
        430;20190601;    3;  11.3;   3.1;    3;   0.0;   0;   12.833;   0;   3.8;  15.7; 1016.32;   21.2;   65.75;   27.4;   14.4;   10.4;eor
        430;20190602;    3;   8.6;   2.6;    3;   0.0;   0;   12.233;   0;   3.9;  14.8; 1012.73;   24.0;   52.75;   31.2;   15.3;   13.3;eor
        430;20190603;    3;  15.9;   4.1;    3;   0.3;   6;   12.533;   0;   3.4;  13.8; 1008.78;   26.3;   43.38;   33.8;   18.4;   14.9;eor
        430;20190604;    3;   7.2;   2.2;    3;   0.0;   0;   12.100;   0;   2.6;  15.3; 1007.55;   24.5;   52.33;   30.8;   17.2;   14.3;eor
        430;20190605;    3;  10.5;   3.9;    3;   0.0;   0;   14.650;   0;   1.2;  14.9; 1004.21;   27.5;   43.79;   33.6;   19.8;   14.5;eor
        430;20190606;    3;  13.2;   4.3;    3;  10.0;   6;    7.783;   0;   4.5;  17.2; 1004.43;   21.8;   68.21;   31.1;   15.0;   14.4;eor
        430;20190607;    3;   9.9;   3.1;    3;   0.1;   6;   13.233;   0;   2.5;  13.9; 1009.74;   19.8;   62.08;   25.4;   13.7;   11.8;eor
        430;20190608;    3;  16.5;   6.5;    3;   0.0;   0;    7.950;   0;   3.7;  10.8; 1014.70;   18.7;   51.17;   23.2;   13.8;    8.9;eor
        430;20190609;    3;   8.7;   2.7;    3;   3.2;   6;   12.150;   0;   5.1;   9.6; 1018.93;   19.7;   43.54;   26.0;   11.7;    7.3;eor
        430;20190610;    3;   8.1;   2.3;    3;   1.5;   6;    5.850;   0;   7.0;  16.7; 1009.15;   21.6;   65.42;   27.4;   15.2;   14.5;eor
        430;20190611;    3;  17.8;   3.2;    3;  45.0;   6;   11.083;   0;   6.0;  19.9; 1005.17;   23.7;   70.00;   30.1;   17.3;   16.5;eor
        430;20190612;    3;  22.6;   3.7;    3;   9.5;   6;    9.600;   0;   6.0;  18.7; 1003.90;   22.5;   72.88;   33.4;   16.5;   15.4;eor
        430;20190613;    3;   7.0;   2.2;    3;   0.0;   6;    7.850;   0;   3.9;  13.8; 1010.42;   19.9;   62.29;   25.5;   14.8;   13.1;eor
        430;20190614;    3;  10.1;   3.0;    3;   0.0;   6;   11.033;   0;   4.0;  13.7; 1013.04;   23.8;   48.54;   29.7;   14.8;   11.1;eor
        430;20190615;    3;  15.9;   6.2;    3;   0.0;   0;    8.500;   0;   5.5;  18.4; 1006.73;   25.2;   57.67;   31.7;   17.6;   16.0;eor
        430;20190616;    3;   8.2;   3.2;    3;   0.0;   6;    5.933;   0;   6.2;  13.8; 1015.17;   18.6;   65.08;   22.1;   14.5;   12.2;eor
        430;20190617;    3;   6.7;   1.9;    3;   0.0;   0;   11.667;   0;   4.1;  13.5; 1016.95;   22.0;   52.88;   26.8;   16.0;   14.5;eor
        430;20190618;    3;  11.1;   3.5;    3;   0.0;   0;   14.967;   0;   2.5;  13.0; 1012.47;   24.0;   46.25;   29.5;   17.0;   14.9;eor
        430;20190619;    3;   9.4;   3.2;    3;   0.0;   6;   13.033;   0;   5.5;  15.0; 1005.33;   26.0;   46.33;   32.1;   19.0;   16.7;eor
        430;20190620;    3;  17.5;   2.7;    3;   1.5;   6;    6.750;   0;   6.0;  17.2; 1006.02;   21.9;   66.04;   26.0;   16.9;   14.4;eor
        430;20190621;    3;   9.4;   3.1;    3;   0.0;   0;    8.917;   0;   4.6;  15.0; 1012.55;   20.2;   65.42;   24.9;   15.3;   12.2;eor
        430;20190622;    3;   9.3;   3.5;    3;   0.0;   0;   12.100;   0;   2.8;  13.4; 1017.62;   20.3;   57.88;   25.7;   14.8;   12.9;eor
        430;20190623;    3;   9.1;   3.2;    3;   0.0;   0;   14.333;   0;   1.3;  12.0; 1018.22;   21.2;   49.33;   28.0;   14.3;   12.8;eor
        430;20190624;    3;   9.8;   3.1;    3;   0.0;   0;   15.717;   0;   3.6;  11.2; 1019.55;   23.6;   41.79;   29.6;   15.5;   12.2;eor
        430;20190625;    3;  10.3;   3.3;    3;   0.0;   0;   14.900;   0;   4.0;  13.7; 1017.27;   27.1;   39.67;   33.7;   20.4;   17.1;eor
        430;20190626;    3;  13.5;   3.8;    3;   0.0;   0;   14.883;   0;   1.6;  18.4; 1015.00;   29.1;   47.58;   37.1;   19.9;   16.1;eor
        430;20190627;    3;  12.3;   5.0;    3;   0.0;   0;   14.633;   0;   1.7;  12.3; 1018.85;   19.5;   56.08;   25.7;   14.6;   12.5;eor
        430;20190628;    3;   9.8;   2.9;    3;   0.0;   0;    9.633;   0;   3.0;  12.5; 1019.62;   18.6;   60.54;   24.7;   12.1;   10.2;eor
        430;20190629;    3;   6.7;   1.7;    3;   0.0;   0;   15.483;   0;   0.5;  11.7; 1016.10;   23.3;   46.17;   31.1;   13.3;    7.7;eor
        430;20190630;    3;  12.3;   4.2;    3;   0.0;   0;   15.050;   0;   1.4;  12.0; 1008.23;   28.9;   34.79;   38.6;   16.9;   10.4;eor
        430;20190701;    3;  12.2;   4.2;    3;   0.0;   6;    7.867;   0;   4.6;  12.1; 1009.71;   22.4;   45.75;   28.6;   16.5;   13.9;eor
        430;20190702;    3;  13.0;   5.6;    3;   0.0;   6;    9.067;   0;   2.5;  10.1; 1014.42;   17.7;   50.75;   21.8;   12.7;    9.9;eor
        430;20190703;    3;  12.2;   4.1;    3;   0.0;   0;    7.933;   0;   3.1;   9.2; 1017.89;   15.4;   53.46;   19.9;   10.4;    7.6;eor
        430;20190704;    3;  12.0;   4.1;    3;   0.0;   6;   11.167;   0;   4.5;   9.3; 1016.78;   16.9;   50.21;   22.9;    9.8;    7.1;eor
        430;20190705;    3;  11.7;   4.8;    3;   0.0;   6;    0.033;   0;   7.5;  12.4; 1009.73;   18.2;   59.46;   20.6;   13.9;   11.0;eor
        430;20190706;    3;  12.5;   3.8;    3;   3.7;   6;    0.317;   0;   7.1;  14.2; 1004.72;   17.6;   71.58;   23.7;   13.0;   10.4;eor
        430;20190707;    3;  13.7;   5.3;    3;   0.0;   0;    2.500;   0;   6.4;  10.1; 1006.20;   15.0;   60.46;   18.9;   10.9;    8.6;eor
        430;20190708;    3;  12.3;   4.7;    3;   0.9;   6;    1.983;   0;   6.6;  10.4; 1010.45;   14.2;   64.67;   18.0;   11.1;    9.2;eor
        430;20190709;    3;  10.5;   3.9;    3;   0.0;   6;    4.400;   0;   4.5;  10.5; 1012.43;   14.3;   65.67;   18.7;    9.5;    6.1;eor
        430;20190710;    3;  10.8;   4.3;    3;   1.0;   6;    6.333;   0;   4.3;  12.1; 1012.40;   15.9;   68.96;   22.8;   10.3;    6.4;eor
        430;20190711;    3;   8.2;   2.0;    3;   1.7;   6;    9.550;   0;   4.9;  11.9; 1008.66;   18.4;   59.96;   25.2;    8.5;    3.9;eor
        430;20190712;    3;   5.1;   1.5;    3;   1.6;   6;    2.000;   0;   7.0;  16.5; 1005.82;   17.8;   81.46;   21.8;   15.5;   13.2;eor
        430;20190713;    3;  10.1;   2.6;    3;   3.9;   6;    7.133;   0;   6.2;  15.5; 1007.53;   19.2;   72.54;   26.1;   15.0;   12.3;eor
        430;20190714;    3;   9.6;   3.2;    3;   0.0;   0;    2.783;   0;   6.0;  15.1; 1011.88;   16.9;   79.42;   20.8;   14.1;   11.3;eor
        430;20190715;    3;   8.2;   3.7;    3;   0.0;   6;    0.000;   0;   7.8;  12.3; 1012.01;   15.7;   69.17;   17.8;   13.9;   14.5;eor
        430;20190716;    3;  10.1;   4.7;    3;   0.0;   0;    3.100;   0;   6.0;  12.9; 1009.75;   16.9;   67.58;   22.1;   13.0;   11.0;eor
        430;20190717;    3;   8.2;   2.7;    3;   0.0;   0;    8.300;   0;   4.3;  12.5; 1009.88;   17.3;   66.29;   24.3;   11.4;    8.9;eor
        430;20190718;    3;   7.4;   2.1;    3;   0.0;   0;   12.150;   0;   3.0;  11.3; 1007.98;   21.4;   46.79;   28.2;   13.1;    8.1;eor
        430;20190719;    3;   9.3;   2.7;    3;   0.2;   6;    1.700;   0;   6.3;  14.8; 1008.60;   21.1;   59.17;   25.4;   16.1;   12.1;eor
        430;20190720;    1;  18.0;   2.8;    1;  12.2;   6;   10.367;   0;   5.5;  15.4; 1009.49;   23.2;   59.71;   30.7;   14.8;   10.5;eor
        430;20190721;    1;  13.2;   3.6;    1;   0.0;   0;    9.583;   0;   4.9;  16.5; 1013.35;   21.4;   67.21;   27.4;   16.8;   13.0;eor
        430;20190722;    1;  10.5;   2.2;    1;   0.0;   6;    3.733;   0;   7.2;  15.5; 1018.07;   20.0;   67.33;   24.9;   14.3;   11.6;eor
        430;20190723;    1;   9.3;   2.8;    1;   0.0;   0;   15.000;   0;   0.8;  17.1; 1016.41;   24.1;   59.58;   30.7;   16.1;   13.6;eor
        430;20190724;    1;   6.7;   1.9;    1;   0.0;   0;   14.750;   0;   1.5;  15.1; 1013.85;   25.8;   49.67;   32.5;   15.7;   12.3;eor
        430;20190725;    1;   7.7;   2.5;    1;   0.0;   0;   14.650;   0;   1.6;  16.0; 1013.40;   26.6;   49.29;   33.7;   19.1;   17.1;eor
        430;20190726;    1;   9.6;   3.6;    1;   0.0;   0;   14.783;   0;   0.6;  15.2; 1009.38;   24.7;   51.50;   30.9;   18.3;   16.8;eor
        430;20190727;    1;  11.3;   4.4;    1;   0.0;   0;   10.917;   0;   1.7;  14.3; 1002.69;   23.7;   50.21;   28.3;   19.3;   18.3;eor
        430;20190728;    1;  10.3;   3.4;    1;   0.0;   0;   12.317;   0;   4.7;  16.4;  998.40;   25.4;   52.67;   31.3;   18.4;   17.6;eor
        430;20190729;    1;  14.2;   2.0;    1;  28.9;   6;    4.533;   0;   5.5;  20.5; 1002.84;   25.5;   65.96;   33.3;   20.5;   19.2;eor
        430;20190730;    1;   8.2;   3.2;    1;   0.0;   0;    2.800;   0;   6.3;  22.3; 1006.41;   22.2;   83.83;   26.2;   19.9;   18.8;eor
        430;20190731;    1;  15.8;   2.1;    1;  44.4;   6;    3.267;   0;   5.4;  18.8; 1010.21;   20.0;   81.54;   23.6;   15.4;   13.6;eor
        430;20190801;    1;   7.5;   2.0;    1;   0.2;   6;    4.867;   0;   5.2;  16.3; 1012.13;   18.8;   76.96;   24.3;   14.3;   11.9;eor
        430;20190802;    1;   9.3;   1.5;    1;  14.0;   6;    7.683;   0;   3.6;  16.5; 1010.27;   18.5;   79.92;   25.9;   13.9;   10.3;eor
        430;20190803;    1;   8.7;   1.8;    1;   0.0;   6;    9.833;   0;   4.5;  14.9; 1009.99;   19.7;   67.50;   25.8;   15.4;   11.8;eor
        430;20190804;    1;  10.6;   2.7;    1;   0.0;   0;    5.500;   0;   3.8;  14.9; 1011.19;   19.0;   69.50;   23.9;   13.9;   10.0;eor
        430;20190805;    1;   8.4;   2.3;    1;   0.0;   6;    3.950;   0;   6.0;  15.2; 1007.43;   20.6;   64.58;   25.6;   13.6;    9.9;eor
        430;20190806;    1;  15.3;   2.6;    1;   0.2;   6;    7.233;   0;   5.7;  17.3; 1004.91;   21.7;   68.00;   28.2;   15.8;   13.1;eor
        430;20190807;    1;  11.3;   2.7;    1;   0.0;   0;    3.333;   0;   6.8;  16.8; 1002.21;   21.2;   67.79;   25.9;   16.3;   13.5;eor
        430;20190808;    1;  14.6;   4.0;    1;   0.0;   0;   10.350;   0;   2.5;  13.4; 1005.62;   20.7;   57.54;   27.2;   14.9;   11.4;eor
        430;20190809;    1;   8.2;   2.0;    1;   0.0;   6;   10.517;   0;   5.0;  14.2; 1007.38;   21.9;   56.63;   27.9;   12.7;    9.5;eor
        430;20190810;    1;  13.9;   5.6;    1;   0.0;   0;    7.600;   0;   4.8;  15.7; 1005.98;   24.1;   52.83;   29.1;   19.1;   15.2;eor
        430;20190811;    1;  12.0;   3.4;    1;   0.1;   6;    9.650;   0;   3.7;  12.5; 1009.81;   23.1;   45.83;   29.0;   15.9;   12.2;eor
        430;20190812;    1;   9.3;   3.8;    1;   0.0;   0;    4.150;   0;   6.6;  12.8; 1009.55;   20.5;   54.13;   23.2;   17.0;   15.7;eor
        430;20190813;    1;  14.7;   4.9;    1;   0.0;   6;    9.000;   0;   4.3;  12.1; 1010.65;   17.8;   60.13;   23.2;   13.1;    8.4;eor
        430;20190814;    1;  13.2;   3.2;    1;   0.0;   0;   11.117;   0;   2.4;   9.8; 1012.57;   16.5;   54.92;   22.1;   11.3;    6.8;eor
        430;20190815;    1;  13.2;   3.7;    1;   0.0;   6;    0.983;   0;   6.3;  12.0; 1008.17;   18.3;   57.04;   22.8;   11.8;    5.8;eor
        430;20190816;    1;   9.8;   3.3;    1;   0.0;   0;    4.717;   0;   5.2;  14.0; 1010.65;   17.8;   70.71;   23.0;   13.2;   10.4;eor
        430;20190817;    1;  11.1;   4.1;    1;   0.2;   6;    2.950;   0;   6.7;  13.0; 1006.35;   20.5;   55.04;   28.1;   14.3;   12.1;eor
        430;20190818;    1;   9.8;   3.1;    1;   8.6;   6;    2.133;   0;   6.9;  18.8; 1003.21;   20.1;   80.42;   26.4;   16.1;   14.4;eor
